127 4.572 0.105 0.105 9.965128 4.581 0.091 0.091 9.802129 4.59 0.048 0.048 9.850130 4.599 0.235 0.235 9.999
128 4.608 0.163 0.163 9.908129 4.617 0.235 0.235 9.908130 4.626 0.081 0.081 10.042131 4.635 0.072 0.072 9.941
129 4.644 0.105 0.105 9.965130 4.653 0.249 0.249 9.960131 4.662 0.014 0.014 10.090132 4.671 0.144 0.144 9.898
130 4.68 0.187 0.187 9.955131 4.689 0.488 0.488 9.735132 4.698 0.192 0.192 9.845133 4.707 0.010 0.010 10.075
131 4.716 0.196 0.196 9.946132 4.725 0.048 0.048 9.817133 4.734 0.211 0.211 9.845134 4.743 0.038 0.038 9.965
132 4.752 0.110 0.110 9.970133 4.761 0.077 0.077 9.989134 4.77 0.038 0.038 9.932135 4.779 0.105 0.105 9.898
133 4.788 0.067 0.067 10.037134 4.797 0.168 0.168 9.884135 4.806 0.196 0.196 10.008136 4.815 0.139 0.139 10.022
134 4.824 0.019 0.019 9.965135 4.833 0.211 0.211 9.927136 4.842 0.029 0.029 9.984137 4.851 0.072 0.072 9.898
135 4.86 -0.019 -0.019 9.855136 4.869 0.038 0.038 9.922137 4.878 0.120 0.120 9.888138 4.887 0.086 0.086 9.903
136 4.896 0.101 0.101 9.879137 4.905 0.292 0.292 9.941138 4.914 0.125 0.125 9.898139 4.923 0.125 0.125 9.884
137 4.932 0.105 0.105 9.965138 4.941 0.101 0.101 9.879139 4.95 0.038 0.038 9.941140 4.959 0.067 0.067 9.855
138 4.968 0.053 0.053 9.960139 4.977 0.206 0.206 9.946140 4.986 0.048 0.048 9.879141 4.995 -0.019 -0.019 9.884
139 5.004 0.086 0.086 10.013140 5.013 0.235 0.235 10.032141 5.022 0.129 0.129 9.826142 5.031 0.110 0.110 9.884
140 5.04 0.024 0.024 10.022141 5.049 0.062 0.062 9.869142 5.058 0.072 0.072 10.008143 5.067 0.005 0.005 10.013
141 5.076 0.129 0.129 10.032142 5.085 0.057 0.057 9.908143 5.094 0.201 0.201 9.936144 5.103 0.057 0.057 9.860
142 5.112 0.254 0.254 9.932143 5.121 0.177 0.177 10.042144 5.13 0.192 0.192 9.960145 5.139 0.115 0.115 9.994
143 5.148 0.120 0.120 9.888144 5.157 0.086 0.086 9.879145 5.166 0.129 0.129 9.869146 5.175 0.148 0.148 9.864
144 5.184 0.005 0.005 9.884145 5.193 0.139 0.139 10.042146 5.202 0.091 0.091 9.960147 5.211 0.172 0.172 9.960
145 5.22 0.139 0.139 9.994146 5.229 0.158 0.158 9.797147 5.238 0.125 0.125 9.864148 5.247 0.091 0.091 9.874
146 5.256 0.225 0.225 10.003147 5.265 0.172 0.172 10.013148 5.274 0.239 0.239 9.912149 5.283 0.048 0.048 9.855
147 5.292 0.139 0.139 10.051148 5.301 0.192 0.192 10.022149 5.31 0.244 0.244 9.855150 5.319 0.081 0.081 9.946
148 5.328 0.153 0.153 9.855149 5.337 0.172 0.172 9.999150 5.346 0.101 0.101 9.821151 5.355 0.254 0.254 9.912
149 5.364 0.158 0.158 10.075150 5.373 0.101 0.101 9.965151 5.382 0.211 0.211 9.975152 5.391 0.038 0.038 9.841
150 5.4 0.134 0.134 9.951151 5.409 0.182 0.182 9.917152 5.418 0.096 0.096 9.917153 5.427 0.043 0.043 9.946
151 5.436 0.096 0.096 9.960152 5.445 0.153 0.153 9.932153 5.454 0.115 0.115 9.917154 5.463 0.393 0.393 9.960
152 5.472 0.000 0.000 9.903153 5.481 0.153 0.153 9.888154 5.49 0.201 0.201 9.932155 5.499 0.139 0.139 9.917
153 5.508 0.091 0.091 9.984154 5.517 0.024 0.024 9.975155 5.526 0.101 0.101 9.994156 5.535 0.139 0.139 9.917
154 5.544 0.215 0.215 9.893155 5.553 0.034 0.034 9.893156 5.562 0.139 0.139 9.874157 5.571 0.254 0.254 9.884
155 5.58 0.177 0.177 9.912156 5.589 0.211 0.211 9.955157 5.598 0.168 0.168 9.888158 5.607 0.340 0.340 9.922
156 5.616 0.110 0.110 9.927157 5.625 0.105 0.105 9.912158 5.634 0.158 0.158 9.879159 5.643 0.057 0.057 9.879
157 5.652 0.086 0.086 10.008158 5.661 0.105 0.105 10.013159 5.67 0.182 0.182 10.051160 5.679 0.172 0.172 9.932
158 5.688 0.115 0.115 9.797159 5.697 0.211 0.211 10.190160 5.706 0.206 0.206 10.075161 5.715 0.225 0.225 10.085
159 5.724 0.125 0.125 9.745160 5.733 0.230 0.230 9.989161 5.742 0.077 0.077 10.018162 5.751 0.201 0.201 9.898
160 5.76 0.067 0.067 10.018161 5.769 0.139 0.139 9.850162 5.778 0.010 0.010 9.908163 5.787 0.043 0.043 9.927
161 5.796 0.129 0.129 9.922162 5.805 0.081 0.081 9.912163 5.814 0.019 0.019 9.941164 5.823 0.144 0.144 10.013
162 5.832 0.096 0.096 10.008163 5.841 0.024 0.024 9.879164 5.85 0.096 0.096 10.027165 5.859 0.024 0.024 9.898
163 5.868 0.263 0.263 9.922164 5.877 0.220 0.220 9.888165 5.886 0.215 0.215 9.975166 5.895 0.211 0.211 9.860
164 5.904 0.235 0.235 9.936165 5.913 -0.005 -0.005 9.879166 5.922 0.115 0.115 9.994167 5.931 0.010 0.010 9.912
165 5.94 0.158 0.158 9.941166 5.949 0.268 0.268 9.917167 5.958 0.230 0.230 9.946168 5.967 0.072 0.072 9.860
166 5.976 0.129 0.129 9.845167 5.985 0.153 0.153 9.936168 5.994 0.168 0.168 9.850169 6.003 0.211 0.211 9.984
167 6.012 0.057 0.057 9.860168 6.021 0.144 0.144 9.860169 6.03 0.139 0.139 9.965170 6.039 0.196 0.196 9.960
168 6.048 0.086 0.086 9.941169 6.057 0.115 0.115 9.960170 6.066 0.072 0.072 9.845171 6.075 0.144 0.144 9.893
169 6.084 0.268 0.268 9.941170 6.093 0.120 0.120 9.941171 6.102 0.340 0.340 9.831172 6.111 0.091 0.091 9.912
170 6.12 0.129 0.129 9.893171 6.129 -0.005 -0.005 10.003172 6.138 0.096 0.096 9.898173 6.147 0.134 0.134 9.917
171 6.156 0.081 0.081 9.879172 6.165 0.091 0.091 9.927173 6.174 0.153 0.153 9.903174 6.183 0.034 0.034 9.869
172 6.192 0.168 0.168 9.936173 6.201 0.034 0.034 9.917174 6.21 0.115 0.115 9.908175 6.219 0.101 0.101 9.946
173 6.228 0.196 0.196 9.898174 6.237 0.029 0.029 9.845175 6.246 0.115 0.115 9.855176 6.255 0.172 0.172 9.903
174 6.264 0.105 0.105 9.970175 6.273 -0.034 -0.034 9.960176 6.282 0.254 0.254 9.845177 6.291 0.172 0.172 9.912
175 6.3 0.168 0.168 9.984176 6.309 0.062 0.062 9.932177 6.318 0.091 0.091 9.999178 6.327 0.278 0.278 9.932
176 6.336 0.182 0.182 9.975177 6.345 0.034 0.034 9.912178 6.354 0.129 0.129 9.850179 6.363 0.196 0.196 9.845
177 6.372 0.172 0.172 9.932178 6.381 0.148 0.148 9.864179 6.39 0.168 0.168 9.951180 6.399 0.192 0.192 9.989
178 6.408 0.086 0.086 9.979179 6.417 0.177 0.177 9.864180 6.426 0.163 0.163 9.855181 6.435 0.172 0.172 9.965
179 6.444 0.086 0.086 9.903180 6.453 0.062 0.062 9.855181 6.462 0.263 0.263 9.821182 6.471 0.129 0.129 9.946
180 6.48 0.115 0.115 9.836181 6.489 0.029 0.029 9.898182 6.498 0.196 0.196 9.836183 6.507 0.053 0.053 9.946
181 6.516 0.091 0.091 9.984182 6.525 0.201 0.201 9.879183 6.534 0.081 0.081 9.831184 6.543 0.129 0.129 9.855
182 6.552 0.081 0.081 9.908183 6.561 0.158 0.158 9.888184 6.57 -0.010 -0.010 10.051185 6.579 0.134 0.134 9.936
183 6.588 0.158 0.158 9.979184 6.597 0.091 0.091 10.066185 6.606 0.115 0.115 9.802186 6.615 0.062 0.062 10.008
184 6.624 0.163 0.163 9.903185 6.633 0.120 0.120 9.941186 6.642 0.177 0.177 9.888187 6.651 0.172 0.172 9.989
185 6.66 0.091 0.091 9.970186 6.669 0.062 0.062 9.898187 6.678 0.043 0.043 9.984188 6.687 0.144 0.144 10.056
186 6.696 0.077 0.077 10.013187 6.705 0.249 0.249 10.022188 6.714 0.034 0.034 9.917189 6.723 0.057 0.057 9.888
187 6.732 0.182 0.182 9.989188 6.741 0.177 0.177 9.922189 6.75 0.172 0.172 9.912190 6.759 0.297 0.297 9.941
188 6.768 0.321 0.321 10.018189 6.777 0.014 0.014 9.979190 6.786 0.086 0.086 9.912191 6.795 0.048 0.048 9.936
189 6.804 0.148 0.148 9.941190 6.813 0.158 0.158 9.884191 6.822 0.201 0.201 9.936192 6.831 0.192 0.192 9.999
190 6.84 0.148 0.148 9.936191 6.849 0.048 0.048 9.965192 6.858 0.101 0.101 9.936193 6.867 0.096 0.096 9.903
191 6.876 0.072 0.072 10.027192 6.885 0.168 0.168 10.051193 6.894 0.115 0.115 9.927194 6.903 0.230 0.230 9.874
192 6.912 0.201 0.201 9.759193 6.921 0.062 0.062 9.946194 6.93 0.105 0.105 9.960195 6.939 0.115 0.115 9.893
193 6.948 0.163 0.163 9.860194 6.957 0.081 0.081 9.773195 6.966 0.115 0.115 9.960196 6.975 0.034 0.034 9.955
194 6.984 0.129 0.129 10.008195 6.993 0.163 0.163 9.960196 7.002 0.177 0.177 9.979197 7.011 0.220 0.220 9.946
195 7.02 0.129 0.129 9.893196 7.029 0.034 0.034 9.874197 7.038 0.029 0.029 9.869198 7.047 0.187 0.187 9.984
196 7.056 0.158 0.158 9.917197 7.065 0.067 0.067 9.927198 7.074 0.148 0.148 9.922199 7.083 0.225 0.225 9.917
197 7.092 0.148 0.148 9.893198 7.101 0.091 0.091 9.912199 7.11 0.249 0.249 9.941200 7.119 0.086 0.086 10.013
198 7.128 0.110 0.110 10.003199 7.137 0.057 0.057 9.922200 7.146 0.062 0.062 10.051201 7.155 0.062 0.062 9.932
199 7.164 0.062 0.062 9.975200 7.173 0.043 0.043 9.936201 7.182 0.120 0.120 9.955202 7.191 0.101 0.101 9.888
200 7.2 0.120 0.120 9.922201 7.209 0.072 0.072 10.003202 7.218 0.072 0.072 9.903203 7.227 0.134 0.134 9.903
201 7.236 0.148 0.148 9.855202 7.245 0.134 0.134 9.989203 7.254 0.125 0.125 9.922204 7.263 0.206 0.206 9.960
202 7.272 0.235 0.235 9.927203 7.281 0.153 0.153 9.879204 7.29 0.144 0.144 10.027205 7.299 0.168 0.168 9.869
203 7.308 0.053 0.053 9.903204 7.317 0.057 0.057 9.946205 7.326 0.168 0.168 9.984206 7.335 0.120 0.120 9.793
204 7.344 0.168 0.168 9.927205 7.353 0.125 0.125 9.869206 7.362 0.239 0.239 9.927207 7.371 0.077 0.077 9.884
205 7.38 0.134 0.134 9.955206 7.389 0.129 0.129 9.860207 7.398 0.168 0.168 9.946208 7.407 0.134 0.134 9.812
206 7.416 0.086 0.086 9.912207 7.425 0.148 0.148 9.951208 7.434 0.163 0.163 9.955209 7.443 0.115 0.115 9.845
207 7.452 0.215 0.215 9.884208 7.461 0.134 0.134 9.965209 7.47 0.081 0.081 9.951210 7.479 0.057 0.057 9.908
208 7.488 0.081 0.081 10.032209 7.497 0.101 0.101 9.884210 7.506 0.182 0.182 9.898211 7.515 0.220 0.220 9.898
209 7.524 0.196 0.196 9.817210 7.533 0.139 0.139 9.951211 7.542 0.029 0.029 9.893212 7.551 0.101 0.101 9.869
210 7.56 0.206 0.206 9.960211 7.569 0.139 0.139 9.912212 7.578 0.230 0.230 9.841213 7.587 0.201 0.201 9.994
211 7.596 0.192 0.192 10.003212 7.605 0.081 0.081 9.903213 7.614 0.077 0.077 9.908214 7.623 -0.010 -0.010 9.979
212 7.632 0.168 0.168 9.893213 7.641 0.024 0.024 9.903214 7.65 0.115 0.115 9.975215 7.659 0.115 0.115 9.850
213 7.668 0.057 0.057 9.802214 7.677 -0.010 -0.010 10.056215 7.686 0.129 0.129 9.946216 7.695 0.115 0.115 9.869
214 7.704 0.172 0.172 9.807215 7.713 0.062 0.062 9.994216 7.722 0.034 0.034 9.869217 7.731 0.105 0.105 9.970
215 7.74 0.048 0.048 9.888216 7.749 0.244 0.244 9.932217 7.758 0.053 0.053 9.836218 7.767 0.125 0.125 9.893
216 7.776 0.206 0.206 10.080217 7.785 0.134 0.134 9.860218 7.794 0.129 0.129 9.989219 7.803 0.110 0.110 10.061
217 7.812 0.091 0.091 10.027218 7.821 0.101 0.101 9.879219 7.83 0.024 0.024 9.884220 7.839 0.125 0.125 9.864
218 7.848 0.010 0.010 9.946219 7.857 0.053 0.053 9.946220 7.866 0.134 0.134 9.893221 7.875 0.134 0.134 9.903
219 7.884 0.139 0.139 9.979220 7.893 0.115 0.115 9.970221 7.902 0.168 0.168 9.965222 7.911 0.086 0.086 9.965
220 7.92 0.148 0.148 9.912221 7.929 0.038 0.038 9.960222 7.938 0.144 0.144 9.864223 7.947 0.043 0.043 9.893
221 7.956 0.120 0.120 10.046222 7.965 0.105 0.105 9.994223 7.974 0.244 0.244 9.927224 7.983 0.196 0.196 9.989
222 7.992 0.048 0.048 9.898223 8.001 0.034 0.034 9.668224 8.01 0.144 0.144 9.999225 8.019 0.081 0.081 9.946
223 8.028 0.153 0.153 9.706224 8.037 0.268 0.268 9.754225 8.046 0.125 0.125 10.075226 8.055 0.239 0.239 9.788
224 8.064 0.067 0.067 9.697225 8.073 0.153 0.153 9.975226 8.082 0.259 0.259 9.888227 8.091 0.072 0.072 9.472
225 8.1 0.125 0.125 10.128226 8.109 0.062 0.062 9.841227 8.118 0.215 0.215 9.778228 8.127 0.230 0.230 9.975
226 8.136 0.014 0.014 10.008227 8.145 0.244 0.244 10.157228 8.154 0.129 0.129 9.951229 8.163 0.148 0.148 9.783
227 8.172 0.139 0.139 10.022228 8.181 0.048 0.048 10.013229 8.19 0.129 0.129 9.759230 8.199 0.029 0.029 9.845
228 8.208 0.024 0.024 9.750229 8.217 -0.096 -0.096 9.975230 8.226 0.220 0.220 9.850231 8.235 0.163 0.163 9.960
229 8.244 0.182 0.182 9.879230 8.253 0.134 0.134 9.864231 8.262 0.244 0.244 10.104232 8.271 0.096 0.096 10.061
230 8.28 0.139 0.139 9.917231 8.289 0.115 0.115 10.003232 8.298 0.091 0.091 10.022233 8.307 -0.043 -0.043 9.999
231 8.316 0.177 0.177 9.692232 8.325 0.034 0.034 9.979233 8.334 0.211 0.211 9.879234 8.343 0.215 0.215 9.903
232 8.352 0.129 0.129 9.989233 8.361 0.086 0.086 9.927234 8.37 0.163 0.163 9.912235 8.379 0.043 0.043 9.850
233 8.388 0.043 0.043 9.850234 8.397 0.144 0.144 10.166235 8.406 0.110 0.110 9.932236 8.415 0.134 0.134 9.740
234 8.424 0.019 0.019 9.912235 8.433 0.215 0.215 10.027236 8.442 0.053 0.053 9.960237 8.451 -0.024 -0.024 9.869
235 8.46 0.168 0.168 9.951236 8.469 -0.048 -0.048 10.008237 8.478 -0.005 -0.005 9.879238 8.487 0.172 0.172 9.975
236 8.496 0.254 0.254 9.975237 8.505 0.101 0.101 9.936238 8.514 0.244 0.244 10.013239 8.523 0.043 0.043 9.989
237 8.532 0.144 0.144 10.022238 8.541 0.081 0.081 9.884239 8.55 0.168 0.168 9.898240 8.559 0.105 0.105 9.850
238 8.568 0.077 0.077 10.109239 8.577 0.038 0.038 9.869240 8.586 0.115 0.115 9.951241 8.595 0.129 0.129 9.836
239 8.604 0.129 0.129 9.912240 8.613 0.172 0.172 10.003241 8.622 0.273 0.273 9.927242 8.631 0.105 0.105 9.960
240 8.64 0.096 0.096 9.869241 8.649 0.139 0.139 9.927242 8.658 0.139 0.139 9.936243 8.667 0.125 0.125 9.965
241 8.676 0.072 0.072 9.951242 8.685 0.077 0.077 9.951243 8.694 0.115 0.115 10.013244 8.703 0.110 0.110 9.922
242 8.712 0.105 0.105 9.994243 8.721 0.201 0.201 9.946244 8.73 0.187 0.187 9.893245 8.739 0.220 0.220 9.951
243 8.748 0.163 0.163 9.898244 8.757 0.091 0.091 9.922245 8.766 0.005 0.005 9.381246 8.775 0.034 0.034 10.056
244 8.784 0.081 0.081 9.951245 8.793 0.115 0.115 9.841246 8.802 0.177 0.177 10.022247 8.811 0.158 0.158 9.879
245 8.82 0.134 0.134 9.970246 8.829 0.038 0.038 9.960247 8.838 0.091 0.091 9.970248 8.847 0.096 0.096 9.802
246 8.856 -0.010 -0.010 9.702247 8.865 0.196 0.196 9.917248 8.874 0.192 0.192 9.970249 8.883 0.225 0.225 9.884
247 8.892 0.115 0.115 9.903248 8.901 0.129 0.129 10.003249 8.91 0.168 0.168 9.941250 8.919 0.096 0.096 9.989
248 8.928 0.101 0.101 9.831249 8.937 0.259 0.259 9.879250 8.946 0.101 0.101 9.951251 8.955 0.144 0.144 9.769
249 8.964 0.077 0.077 9.989250 8.973 0.129 0.129 9.912251 8.982 0.225 0.225 9.927252 8.991 0.148 0.148 9.884
250 9 0.072 0.072 9.879251 9.009 0.053 0.053 9.989252 9.018 0.062 0.062 9.850253 9.027 0.072 0.072 9.932
251 9.036 0.062 0.062 10.003252 9.045 0.105 0.105 9.912253 9.054 0.144 0.144 10.094254 9.063 0.077 0.077 9.903
252 9.072 0.153 0.153 10.046253 9.081 0.148 0.148 9.979254 9.09 0.215 0.215 9.908255 9.099 0.134 0.134 9.884
253 9.108 0.120 0.120 10.008254 9.117 0.038 0.038 9.960255 9.126 0.225 0.225 10.003256 9.135 0.115 0.115 10.046
254 9.144 0.139 0.139 9.912255 9.153 0.139 0.139 10.003256 9.162 0.268 0.268 9.802257 9.171 0.215 0.215 9.922
255 9.18 0.158 0.158 9.936256 9.189 0.029 0.029 10.032257 9.198 0.043 0.043 10.166258 9.207 0.172 0.172 9.769
256 9.216 0.096 0.096 9.778257 9.225 0.120 0.120 10.013258 9.234 0.187 0.187 9.644259 9.243 -0.029 -0.029 9.764
257 9.252 0.206 0.206 9.960258 9.261 0.153 0.153 10.056259 9.27 0.062 0.062 9.644260 9.279 0.091 0.091 9.841
258 9.288 -0.005 -0.005 9.773259 9.297 0.029 0.029 9.864260 9.306 0.172 0.172 10.027261 9.315 0.053 0.053 9.826
259 9.324 0.077 0.077 10.176260 9.333 0.148 0.148 9.773261 9.342 0.235 0.235 10.123262 9.351 0.172 0.172 9.817
260 9.36 0.158 0.158 9.898261 9.369 0.029 0.029 9.860262 9.378 0.268 0.268 9.778263 9.387 0.096 0.096 9.936
261 9.396 0.177 0.177 9.984262 9.405 0.120 0.120 9.831263 9.414 0.101 0.101 9.965264 9.423 0.148 0.148 9.898
262 9.432 0.101 0.101 10.018263 9.441 0.192 0.192 9.936264 9.45 0.105 0.105 9.831265 9.459 0.048 0.048 9.975
263 9.468 0.163 0.163 9.922264 9.477 0.168 0.168 9.965265 9.486 0.057 0.057 9.922266 9.495 0.129 0.129 10.032
264 9.504 0.101 0.101 9.817265 9.513 0.010 0.010 10.056266 9.522 0.086 0.086 9.884267 9.531 0.163 0.163 9.884
265 9.54 0.139 0.139 9.951266 9.549 -0.019 -0.019 9.922267 9.558 0.101 0.101 9.946268 9.567 0.105 0.105 9.941
266 9.576 0.105 0.105 9.989267 9.585 0.072 0.072 9.951268 9.594 0.091 0.091 9.941269 9.603 0.034 0.034 9.965
267 9.612 0.192 0.192 9.979268 9.621 0.120 0.120 9.999269 9.63 0.077 0.077 9.908270 9.639 0.239 0.239 10.022
268 9.648 0.101 0.101 9.797269 9.657 0.172 0.172 9.874270 9.666 0.163 0.163 9.975271 9.675 0.120 0.120 9.912
269 9.684 0.024 0.024 10.046270 9.693 0.148 0.148 9.936271 9.702 0.077 0.077 10.022272 9.711 -0.010 -0.010 9.898
270 9.72 0.220 0.220 9.927271 9.729 0.077 0.077 10.027272 9.738 0.034 0.034 10.008273 9.747 0.148 0.148 9.984
271 9.756 0.153 0.153 9.903272 9.765 0.029 0.029 10.008273 9.774 0.153 0.153 9.917274 9.783 0.014 0.014 9.903
272 9.792 0.148 0.148 10.022273 9.801 0.153 0.153 9.917274 9.81 0.201 0.201 9.960275 9.819 0.129 0.129 9.874
273 9.828 -0.019 -0.019 9.932274 9.837 0.096 0.096 10.042275 9.846 0.105 0.105 9.970276 9.855 0.168 0.168 9.869
274 9.864 0.220 0.220 10.022275 9.873 0.086 0.086 9.946276 9.882 0.101 0.101 9.960277 9.891 0.172 0.172 9.932
275 9.9 0.105 0.105 9.879276 9.909 0.067 0.067 9.946277 9.918 0.129 0.129 9.908278 9.927 0.105 0.105 10.003
276 9.936 0.144 0.144 9.860277 9.945 0.110 0.110 9.912278 9.954 0.297 0.297 9.965279 9.963 0.177 0.177 9.994
277 9.972 0.096 0.096 10.003278 9.981 0.168 0.168 9.999279 9.99 0.000 0.000 9.884280 9.999 0.077 0.077 10.008
278 10.008 0.110 0.110 9.941279 10.017 0.129 0.129 9.884280 10.026 0.096 0.096 9.941281 10.035 0.148 0.148 10.032
279 10.044 0.158 0.158 9.922280 10.053 0.192 0.192 9.864281 10.062 0.187 0.187 9.888282 10.071 0.086 0.086 9.955
280 10.08 0.062 0.062 9.965281 10.089 0.168 0.168 9.955282 10.098 0.115 0.115 9.970283 10.107 0.110 0.110 9.946
281 10.116 0.091 0.091 9.999282 10.125 0.235 0.235 9.912283 10.134 0.168 0.168 9.946284 10.143 0.072 0.072 9.869
282 10.152 0.062 0.062 9.965283 10.161 0.144 0.144 9.888284 10.17 0.096 0.096 10.013285 10.179 0.215 0.215 9.936
283 10.188 0.206 0.206 10.003284 10.197 0.134 0.134 10.008285 10.206 0.091 0.091 9.999286 10.215 0.072 0.072 9.932
284 10.224 0.168 0.168 9.979285 10.233 0.005 0.005 9.817286 10.242 0.225 0.225 9.888287 10.251 0.129 0.129 9.979
285 10.26 0.211 0.211 9.941286 10.269 0.125 0.125 9.908287 10.278 -0.067 -0.067 9.884288 10.287 0.091 0.091 9.984
286 10.296 0.096 0.096 9.965287 10.305 0.168 0.168 9.908288 10.314 0.225 0.225 9.927289 10.323 0.254 0.254 9.893
287 10.332 0.321 0.321 10.090288 10.341 0.163 0.163 10.137289 10.35 0.134 0.134 9.941290 10.359 0.172 0.172 9.927
288 10.368 -0.029 -0.029 10.075289 10.377 0.172 0.172 9.970290 10.386 0.163 0.163 9.845291 10.395 0.105 0.105 9.893
289 10.404 0.158 0.158 9.898290 10.413 -0.010 -0.010 9.965291 10.422 0.129 0.129 9.999292 10.431 0.072 0.072 9.898
290 10.44 0.086 0.086 10.022291 10.449 0.139 0.139 9.884292 10.458 0.163 0.163 10.022293 10.467 0.172 0.172 9.821
291 10.476 0.144 0.144 10.219292 10.485 -0.014 -0.014 9.831293 10.494 0.091 0.091 10.032294 10.503 0.201 0.201 9.984
292 10.512 0.048 0.048 9.927293 10.521 -0.024 -0.024 10.013294 10.53 0.220 0.220 9.836295 10.539 0.125 0.125 10.022
293 10.548 0.057 0.057 9.917294 10.557 0.168 0.168 9.917295 10.566 0.206 0.206 9.908296 10.575 0.110 0.110 9.936
294 10.584 0.062 0.062 9.960295 10.593 0.211 0.211 9.970296 10.602 0.168 0.168 9.922297 10.611 0.134 0.134 9.970
295 10.62 0.249 0.249 10.022296 10.629 0.120 0.120 9.932297 10.638 0.144 0.144 9.960298 10.647 0.201 0.201 9.836
296 10.656 -0.077 -0.077 9.817297 10.665 0.177 0.177 10.013298 10.674 0.096 0.096 9.979299 10.683 0.129 0.129 9.994
297 10.692 0.081 0.081 9.893298 10.701 0.168 0.168 9.864299 10.71 0.038 0.038 9.960300 10.719 -0.057 -0.057 9.778
298 10.728 0.105 0.105 9.951299 10.737 0.057 0.057 9.989300 10.746 0.158 0.158 9.888301 10.755 0.206 0.206 9.850
299 10.764 0.196 0.196 9.932300 10.773 0.172 0.172 9.965301 10.782 0.110 0.110 9.984302 10.791 0.086 0.086 10.042
300 10.8 0.086 0.086 9.941301 10.809 0.081 0.081 9.850302 10.818 0.105 0.105 10.075303 10.827 0.091 0.091 9.860
301 10.836 0.148 0.148 9.908302 10.845 0.249 0.249 9.659303 10.854 0.057 0.057 9.960304 10.863 0.067 0.067 9.869
302 10.872 0.177 0.177 9.908303 10.881 0.192 0.192 10.022304 10.89 0.125 0.125 9.960305 10.899 0.148 0.148 9.711
303 10.908 0.081 0.081 9.989304 10.917 0.043 0.043 9.965305 10.926 0.177 0.177 9.994306 10.935 0.196 0.196 9.903
304 10.944 0.081 0.081 9.936305 10.953 0.115 0.115 9.951306 10.962 0.158 0.158 9.898307 10.971 0.048 0.048 10.022
305 10.98 0.172 0.172 9.979306 10.989 0.139 0.139 9.879307 10.998 0.043 0.043 9.946308 11.007 0.172 0.172 9.912
306 11.016 0.148 0.148 9.922307 11.025 0.077 0.077 9.908308 11.034 0.172 0.172 9.908309 11.043 0.115 0.115 9.807
307 11.052 0.144 0.144 9.965308 11.061 0.177 0.177 9.917309 11.07 0.187 0.187 9.879310 11.079 0.172 0.172 9.927
308 11.088 0.158 0.158 9.908309 11.097 0.062 0.062 9.888310 11.106 0.014 0.014 9.936311 11.115 0.029 0.029 9.970
309 11.124 0.187 0.187 9.960310 11.133 0.125 0.125 10.013311 11.142 0.177 0.177 9.807312 11.151 0.134 0.134 9.965
310 11.16 0.101 0.101 9.888311 11.169 0.125 0.125 9.936312 11.178 0.062 0.062 9.903313 11.187 0.139 0.139 9.912
311 11.196 0.206 0.206 9.874312 11.205 0.101 0.101 9.970313 11.214 0.168 0.168 10.061314 11.223 0.105 0.105 9.855
312 11.232 0.172 0.172 9.927313 11.241 0.158 0.158 9.927314 11.25 0.072 0.072 9.917315 11.259 0.211 0.211 9.932
313 11.268 0.220 0.220 9.927314 11.277 0.125 0.125 9.922315 11.286 0.134 0.134 9.955316 11.295 0.091 0.091 9.927
314 11.304 0.148 0.148 9.951315 11.313 0.019 0.019 9.405316 11.322 0.283 0.283 9.979317 11.331 0.120 0.120 10.070
315 11.34 0.086 0.086 10.027316 11.349 0.177 0.177 9.984317 11.358 0.211 0.211 9.912318 11.367 0.148 0.148 9.927
316 11.376 0.163 0.163 9.927317 11.385 0.110 0.110 10.051318 11.394 0.163 0.163 9.989319 11.403 0.144 0.144 9.903
317 11.412 0.024 0.024 9.965318 11.421 0.168 0.168 9.936319 11.43 0.172 0.172 9.908320 11.439 0.239 0.239 9.965
318 11.448 0.081 0.081 9.850319 11.457 0.187 0.187 9.989320 11.466 0.148 0.148 9.855321 11.475 0.196 0.196 9.893
319 11.484 0.206 0.206 9.903320 11.493 0.110 0.110 9.932321 11.502 0.086 0.086 9.922322 11.511 0.172 0.172 9.975
320 11.52 0.139 0.139 9.922321 11.529 0.105 0.105 9.850322 11.538 0.163 0.163 9.831323 11.547 0.091 0.091 9.946
321 11.556 0.057 0.057 9.898322 11.565 0.096 0.096 9.951323 11.574 0.129 0.129 9.979324 11.583 0.057 0.057 9.994
322 11.592 0.091 0.091 9.946323 11.601 0.067 0.067 9.960324 11.61 0.029 0.029 9.979325 11.619 0.192 0.192 10.003
323 11.628 0.220 0.220 9.946324 11.637 0.187 0.187 9.912325 11.646 0.148 0.148 9.955326 11.655 0.177 0.177 9.975
324 11.664 0.168 0.168 9.922325 11.673 0.168 0.168 9.855326 11.682 0.043 0.043 9.898327 11.691 0.057 0.057 9.864
325 11.7 0.005 0.005 9.994326 11.709 0.192 0.192 9.984327 11.718 0.211 0.211 9.955328 11.727 0.091 0.091 9.869
326 11.736 0.067 0.067 9.903327 11.745 0.096 0.096 9.960328 11.754 0.110 0.110 9.860329 11.763 0.014 0.014 9.845
327 11.772 0.057 0.057 9.936328 11.781 0.158 0.158 9.951329 11.79 0.187 0.187 9.927330 11.799 0.072 0.072 9.826
328 11.808 0.086 0.086 9.984329 11.817 0.139 0.139 9.850330 11.826 0.105 0.105 9.999331 11.835 0.062 0.062 10.013
329 11.844 0.168 0.168 9.855330 11.853 0.086 0.086 9.850331 11.862 0.163 0.163 9.932332 11.871 0.086 0.086 9.932
330 11.88 -0.043 -0.043 9.841331 11.889 0.115 0.115 9.912332 11.898 0.220 0.220 9.951333 11.907 0.273 0.273 9.898
331 11.916 -0.043 -0.043 9.908332 11.925 0.101 0.101 9.903333 11.934 -0.038 -0.038 9.807334 11.943 -0.043 -0.043 9.864
332 11.952 0.163 0.163 9.932333 11.961 0.019 0.019 10.271334 11.97 0.278 0.278 9.663335 11.979 0.158 0.158 9.793
333 11.988 0.096 0.096 9.884334 11.997 0.220 0.220 10.037335 12.006 0.158 0.158 9.841336 12.015 0.196 0.196 10.032
334 12.024 0.043 0.043 9.979335 12.033 0.163 0.163 10.080336 12.042 0.120 0.120 9.912337 12.051 0.086 0.086 9.884
335 12.06 -0.005 -0.005 9.927336 12.069 0.014 0.014 10.042337 12.078 0.158 0.158 9.812338 12.087 0.053 0.053 9.936
336 12.096 0.096 0.096 9.979337 12.105 0.163 0.163 9.932338 12.114 0.125 0.125 9.946339 12.123 0.163 0.163 10.157
337 12.132 0.306 0.306 9.745338 12.141 0.110 0.110 10.200339 12.15 0.048 0.048 9.884340 12.159 0.268 0.268 10.013
338 12.168 0.230 0.230 9.807339 12.177 0.163 0.163 9.951340 12.186 0.211 0.211 9.826341 12.195 0.148 0.148 10.008
339 12.204 0.120 0.120 10.032340 12.213 0.139 0.139 9.884341 12.222 0.091 0.091 9.860342 12.231 0.201 0.201 9.979
340 12.24 0.163 0.163 9.946341 12.249 0.110 0.110 9.831342 12.258 0.192 0.192 9.927343 12.267 0.091 0.091 10.066
341 12.276 0.110 0.110 9.989342 12.285 0.153 0.153 9.874343 12.294 0.153 0.153 9.946344 12.303 0.192 0.192 9.975
342 12.312 0.091 0.091 9.941343 12.321 0.067 0.067 9.946344 12.33 0.273 0.273 9.845345 12.339 0.148 0.148 9.960
343 12.348 0.215 0.215 9.903344 12.357 0.086 0.086 9.955345 12.366 0.168 0.168 10.013346 12.375 0.153 0.153 9.960
344 12.384 0.081 0.081 9.960345 12.393 0.153 0.153 9.922346 12.402 0.101 0.101 9.979347 12.411 0.125 0.125 9.936
345 12.42 0.043 0.043 9.989346 12.429 0.148 0.148 9.927347 12.438 0.129 0.129 9.888348 12.447 0.081 0.081 9.908
346 12.456 0.072 0.072 9.941347 12.465 0.105 0.105 10.032348 12.474 0.062 0.062 9.841349 12.483 0.043 0.043 9.908
347 12.492 0.005 0.005 9.903348 12.501 0.148 0.148 9.932349 12.51 0.268 0.268 9.726350 12.519 0.182 0.182 9.936
348 12.528 0.220 0.220 9.955349 12.537 0.158 0.158 9.922350 12.546 0.134 0.134 10.032351 12.555 0.125 0.125 9.788
349 12.564 0.177 0.177 10.018350 12.573 0.110 0.110 9.979351 12.582 0.125 0.125 9.855352 12.591 -0.048 -0.048 9.855
350 12.6 0.091 0.091 9.989351 12.609 0.062 0.062 9.932352 12.618 0.168 0.168 10.018353 12.627 0.220 0.220 10.046
351 12.636 0.139 0.139 9.888352 12.645 0.134 0.134 10.066353 12.654 0.129 0.129 9.884354 12.663 0.172 0.172 9.884
352 12.672 0.134 0.134 9.975353 12.681 0.134 0.134 9.955354 12.69 0.043 0.043 10.032355 12.699 0.086 0.086 10.032
353 12.708 0.139 0.139 9.955354 12.717 0.192 0.192 10.118355 12.726 0.120 0.120 9.984356 12.735 0.043 0.043 10.090
354 12.744 0.148 0.148 10.032355 12.753 0.168 0.168 9.908356 12.762 0.148 0.148 9.979357 12.771 0.134 0.134 9.941
355 12.78 0.148 0.148 9.936356 12.789 0.168 0.168 10.022357 12.798 0.038 0.038 9.936358 12.807 0.101 0.101 9.965
356 12.816 0.201 0.201 9.884357 12.825 0.225 0.225 9.999358 12.834 0.067 0.067 9.941359 12.843 0.120 0.120 10.003
357 12.852 0.101 0.101 10.037358 12.861 0.196 0.196 9.831359 12.87 0.139 0.139 9.932360 12.879 0.239 0.239 9.908
358 12.888 0.259 0.259 9.951359 12.897 0.010 0.010 9.970360 12.906 0.110 0.110 10.037361 12.915 0.077 0.077 9.979
359 12.924 0.062 0.062 9.898360 12.933 0.239 0.239 9.999361 12.942 0.110 0.110 9.831362 12.951 0.163 0.163 9.860
360 12.96 0.043 0.043 10.022361 12.969 0.081 0.081 9.989362 12.978 0.139 0.139 9.984363 12.987 0.201 0.201 10.022
361 12.996 0.072 0.072 9.888362 13.005 0.110 0.110 9.970363 13.014 0.125 0.125 9.922364 13.023 0.110 0.110 9.821
362 13.032 0.101 0.101 9.936363 13.041 0.096 0.096 9.965364 13.05 0.153 0.153 9.951365 13.059 0.182 0.182 9.864
363 13.068 0.120 0.120 9.975364 13.077 0.134 0.134 10.018365 13.086 0.153 0.153 9.979366 13.095 0.177 0.177 9.946
364 13.104 0.072 0.072 9.989365 13.113 0.273 0.273 10.085366 13.122 0.005 0.005 9.922367 13.131 0.057 0.057 9.975
365 13.14 0.139 0.139 9.845366 13.149 0.177 0.177 9.941367 13.158 0.139 0.139 9.941368 13.167 0.091 0.091 9.898
366 13.176 0.129 0.129 9.955367 13.185 0.019 0.019 9.965368 13.194 0.249 0.249 9.936369 13.203 0.086 0.086 9.812
367 13.212 0.129 0.129 9.989368 13.221 0.187 0.187 9.970369 13.23 0.086 0.086 9.941370 13.239 0.230 0.230 9.984
368 13.248 0.120 0.120 9.908369 13.257 0.158 0.158 9.888370 13.266 0.091 0.091 9.999371 13.275 0.105 0.105 9.817
369 13.284 0.101 0.101 10.003370 13.293 0.072 0.072 10.022371 13.302 0.134 0.134 9.831372 13.311 0.144 0.144 10.018
370 13.32 0.187 0.187 9.999371 13.329 0.134 0.134 9.917372 13.338 0.230 0.230 9.903373 13.347 0.239 0.239 9.999
371 13.356 0.110 0.110 9.912372 13.365 0.086 0.086 9.946373 13.374 0.053 0.053 9.860374 13.383 0.048 0.048 9.955
372 13.392 0.120 0.120 9.951373 13.401 0.172 0.172 10.085374 13.41 0.139 0.139 9.922375 13.419 0.086 0.086 9.884
373 13.428 0.139 0.139 9.908374 13.437 0.139 0.139 9.807375 13.446 0.187 0.187 9.874376 13.455 0.057 0.057 9.989
374 13.464 0.177 0.177 9.989375 13.473 0.005 0.005 9.936376 13.482 0.024 0.024 9.860377 13.491 0.105 0.105 9.888
375 13.5 0.125 0.125 9.922376 13.509 0.120 0.120 10.042377 13.518 0.105 0.105 9.999378 13.527 0.134 0.134 9.936
376 13.536 0.086 0.086 9.917377 13.545 0.163 0.163 9.955378 13.554 0.139 0.139 10.008379 13.563 0.129 0.129 10.013
377 13.572 0.057 0.057 10.037378 13.581 0.144 0.144 9.855379 13.59 0.182 0.182 9.936380 13.599 0.206 0.206 9.975
378 13.608 0.206 0.206 10.070379 13.617 0.220 0.220 9.936380 13.626 -0.005 -0.005 10.013381 13.635 0.134 0.134 10.037
379 13.644 0.029 0.029 9.826380 13.653 0.182 0.182 9.960381 13.662 0.038 0.038 9.912382 13.671 0.230 0.230 9.860
380 13.68 0.105 0.105 9.941381 13.689 0.110 0.110 9.879382 13.698 0.134 0.134 10.037383 13.707 0.168 0.168 9.888
381 13.716 0.110 0.110 9.888382 13.725 0.139 0.139 9.941383 13.734 0.163 0.163 9.850384 13.743 0.125 0.125 9.884
382 13.752 0.062 0.062 9.946383 13.761 -0.024 -0.024 9.917384 13.77 0.177 0.177 9.888385 13.779 0.057 0.057 9.989
383 13.788 0.172 0.172 9.999384 13.797 0.163 0.163 9.936385 13.806 0.249 0.249 9.812386 13.815 0.081 0.081 9.999
384 13.824 0.072 0.072 9.941385 13.833 0.163 0.163 9.970386 13.842 -0.048 -0.048 9.941387 13.851 0.110 0.110 9.898
385 13.86 0.029 0.029 9.922386 13.869 0.129 0.129 9.994387 13.878 0.129 0.129 10.051388 13.887 0.172 0.172 9.927
386 13.896 0.172 0.172 9.898387 13.905 0.139 0.139 9.965388 13.914 0.163 0.163 9.845389 13.923 -0.043 -0.043 9.955
387 13.932 0.163 0.163 9.941388 13.941 0.000 0.000 9.989389 13.95 0.268 0.268 10.018390 13.959 0.144 0.144 9.979
388 13.968 0.158 0.158 9.927389 13.977 0.144 0.144 9.941390 13.986 0.115 0.115 9.932391 13.995 0.091 0.091 9.965
389 14.004 0.153 0.153 10.042390 14.013 0.129 0.129 10.018391 14.022 0.201 0.201 9.793392 14.031 0.110 0.110 9.989
390 14.04 -0.096 -0.096 9.888391 14.049 0.172 0.172 10.295392 14.058 0.230 0.230 9.754393 14.067 0.043 0.043 9.630
391 14.076 0.086 0.086 9.927392 14.085 0.220 0.220 9.817393 14.094 0.120 0.120 9.807394 14.103 0.129 0.129 9.812
392 14.112 0.158 0.158 9.960393 14.121 0.211 0.211 10.003394 14.13 0.057 0.057 9.783395 14.139 0.125 0.125 10.022
393 14.148 0.115 0.115 9.970394 14.157 0.182 0.182 10.042395 14.166 0.010 0.010 9.975396 14.175 0.005 0.005 9.989
394 14.184 0.158 0.158 9.812395 14.193 0.263 0.263 10.013396 14.202 0.110 0.110 9.908397 14.211 0.038 0.038 9.912
395 14.22 0.125 0.125 9.903396 14.229 0.134 0.134 10.013397 14.238 0.014 0.014 10.248398 14.247 0.110 0.110 9.702
396 14.256 0.081 0.081 9.999397 14.265 0.024 0.024 9.730398 14.274 0.268 0.268 10.022399 14.283 0.091 0.091 10.008
397 14.292 0.278 0.278 9.932398 14.301 0.144 0.144 10.032399 14.31 0.268 0.268 9.831400 14.319 0.201 0.201 9.898
398 14.328 0.005 0.005 9.941399 14.337 0.110 0.110 9.874400 14.346 0.091 0.091 9.951401 14.355 0.005 0.005 9.884
399 14.364 0.038 0.038 9.821400 14.373 0.168 0.168 9.975401 14.382 0.086 0.086 9.955402 14.391 0.053 0.053 9.979
400 14.4 0.086 0.086 10.003401 14.409 0.134 0.134 9.979402 14.418 0.043 0.043 9.941403 14.427 0.091 0.091 9.893
401 14.436 0.115 0.115 9.951402 14.445 0.211 0.211 9.936403 14.454 0.120 0.120 9.793404 14.463 0.101 0.101 10.018
402 14.472 0.153 0.153 10.018403 14.481 0.105 0.105 9.864404 14.49 0.115 0.115 9.845405 14.499 0.053 0.053 9.821
403 14.508 0.177 0.177 9.793404 14.517 0.048 0.048 9.841405 14.526 0.029 0.029 9.783406 14.535 0.115 0.115 9.927
404 14.544 0.105 0.105 9.941405 14.553 0.158 0.158 9.965406 14.562 0.148 0.148 9.817407 14.571 0.196 0.196 9.946
405 14.58 0.120 0.120 9.874406 14.589 0.215 0.215 9.979407 14.598 0.048 0.048 9.975408 14.607 0.148 0.148 9.874
406 14.616 0.019 0.019 9.932407 14.625 0.096 0.096 9.908408 14.634 0.158 0.158 9.836409 14.643 0.153 0.153 9.850
407 14.652 0.196 0.196 9.879408 14.661 0.081 0.081 9.951409 14.67 0.101 0.101 10.003410 14.679 0.096 0.096 9.903
408 14.688 0.034 0.034 10.008409 14.697 0.081 0.081 9.946410 14.706 0.125 0.125 9.936411 14.715 0.024 0.024 9.898
409 14.724 -0.086 -0.086 9.960410 14.733 0.235 0.235 9.884411 14.742 0.048 0.048 9.879412 14.751 0.158 0.158 9.979
410 14.76 0.153 0.153 9.879411 14.769 0.086 0.086 9.778412 14.778 0.120 0.120 9.970413 14.787 0.158 0.158 9.874
411 14.796 0.005 0.005 9.941412 14.805 0.148 0.148 10.022413 14.814 0.139 0.139 9.932414 14.823 0.168 0.168 9.917
412 14.832 0.053 0.053 9.836413 14.841 0.091 0.091 9.831414 14.85 0.129 0.129 9.903415 14.859 0.196 0.196 9.941
413 14.868 0.144 0.144 9.745414 14.877 0.053 0.053 9.874415 14.886 0.134 0.134 9.874416 14.895 0.177 0.177 10.008
414 14.904 0.115 0.115 9.908415 14.913 0.148 0.148 9.745416 14.922 0.081 0.081 9.936417 14.931 0.125 0.125 10.003
415 14.94 0.196 0.196 9.951416 14.949 0.139 0.139 9.922417 14.958 0.283 0.283 9.927418 14.967 -0.053 -0.053 9.817
416 14.976 0.153 0.153 9.831417 14.985 0.129 0.129 9.893418 14.994 0.172 0.172 9.936419 15.003 0.163 0.163 9.960
417 15.012 0.062 0.062 9.989418 15.021 0.158 0.158 10.090419 15.03 0.158 0.158 9.951420 15.039 0.139 0.139 9.979
418 15.048 0.053 0.053 9.946419 15.057 0.153 0.153 10.090420 15.066 0.192 0.192 9.946421 15.075 0.177 0.177 9.927
419 15.084 0.201 0.201 9.922420 15.093 0.215 0.215 9.864421 15.102 0.177 0.177 9.970422 15.111 0.144 0.144 9.759
420 15.12 0.168 0.168 9.831421 15.129 -0.067 -0.067 9.898422 15.138 0.101 0.101 9.979423 15.147 0.105 0.105 9.912
421 15.156 0.168 0.168 10.018422 15.165 0.077 0.077 9.879423 15.174 0.019 0.019 10.018424 15.183 0.067 0.067 9.955
422 15.192 0.259 0.259 9.836423 15.201 0.153 0.153 9.999424 15.21 0.096 0.096 9.922425 15.219 0.034 0.034 9.936
423 15.228 0.115 0.115 9.979424 15.237 0.182 0.182 9.979425 15.246 0.091 0.091 9.869426 15.255 0.129 0.129 9.936
424 15.264 0.072 0.072 9.912425 15.273 0.120 0.120 10.003426 15.282 0.182 0.182 9.879427 15.291 0.192 0.192 9.922
425 15.3 0.120 0.120 9.946426 15.309 0.153 0.153 9.778427 15.318 0.125 0.125 9.965428 15.327 0.096 0.096 10.018
426 15.336 0.182 0.182 9.917427 15.345 0.038 0.038 9.927428 15.354 0.172 0.172 9.960429 15.363 0.139 0.139 9.860
427 15.372 0.048 0.048 9.860428 15.381 0.153 0.153 9.879429 15.39 0.163 0.163 9.946430 15.399 0.182 0.182 9.850
428 15.408 0.120 0.120 9.936429 15.417 0.163 0.163 9.893430 15.426 0.048 0.048 9.936431 15.435 0.067 0.067 9.912
429 15.444 0.235 0.235 9.989430 15.453 0.072 0.072 9.836431 15.462 0.244 0.244 9.941432 15.471 0.029 0.029 9.898
430 15.48 0.187 0.187 10.018431 15.489 0.077 0.077 9.898432 15.498 0.158 0.158 9.884433 15.507 0.072 0.072 10.042
431 15.516 0.120 0.120 9.932432 15.525 0.072 0.072 9.922433 15.534 0.153 0.153 9.864434 15.543 0.034 0.034 9.994
432 15.552 0.053 0.053 9.922433 15.561 0.115 0.115 9.927434 15.57 0.043 0.043 9.874435 15.579 0.148 0.148 9.922
433 15.588 0.249 0.249 9.932434 15.597 0.010 0.010 9.850435 15.606 0.096 0.096 9.936436 15.615 0.110 0.110 9.975
434 15.624 0.172 0.172 9.994435 15.633 0.067 0.067 10.061436 15.642 0.086 0.086 9.955437 15.651 0.168 0.168 9.946
435 15.66 0.010 0.010 9.917436 15.669 0.163 0.163 10.090437 15.678 0.072 0.072 10.056438 15.687 0.125 0.125 10.046
436 15.696 0.144 0.144 9.908437 15.705 0.158 0.158 9.989438 15.714 0.172 0.172 9.850439 15.723 0.048 0.048 9.960
437 15.732 0.172 0.172 9.965438 15.741 0.220 0.220 9.922439 15.75 0.192 0.192 9.917440 15.759 0.010 0.010 9.965
438 15.768 0.043 0.043 9.936439 15.777 0.062 0.062 9.908440 15.786 0.187 0.187 9.917441 15.795 0.120 0.120 9.960
439 15.804 0.091 0.091 9.922440 15.813 0.129 0.129 9.893441 15.822 0.110 0.110 10.061442 15.831 0.105 0.105 9.917
440 15.84 0.072 0.072 9.836441 15.849 0.211 0.211 10.066442 15.858 0.057 0.057 9.884443 15.867 0.215 0.215 9.941
441 15.876 0.125 0.125 9.960442 15.885 0.043 0.043 9.936443 15.894 0.115 0.115 9.932444 15.903 0.086 0.086 9.821
442 15.912 0.120 0.120 9.879443 15.921 0.038 0.038 9.888444 15.93 0.148 0.148 9.927445 15.939 0.134 0.134 9.893
443 15.948 0.125 0.125 9.951444 15.957 0.105 0.105 9.960445 15.966 0.077 0.077 10.066446 15.975 0.153 0.153 9.898
444 15.984 0.211 0.211 10.066445 15.993 0.239 0.239 9.932446 16.002 0.125 0.125 9.965447 16.011 0.163 0.163 9.970
445 16.02 0.158 0.158 9.893446 16.029 0.244 0.244 9.994447 16.038 0.129 0.129 9.884448 16.047 0.163 0.163 10.061
446 16.056 0.072 0.072 9.802447 16.065 0.115 0.115 9.989448 16.074 0.048 0.048 9.965449 16.083 0.067 0.067 9.908
447 16.092 0.034 0.034 9.936448 16.101 0.010 0.010 9.984449 16.11 0.101 0.101 10.032450 16.119 0.125 0.125 9.893
448 16.128 0.081 0.081 9.888449 16.137 0.105 0.105 9.922450 16.146 0.062 0.062 9.979451 16.155 0.134 0.134 9.912
449 16.164 0.019 0.019 9.912450 16.173 0.129 0.129 9.999451 16.182 0.148 0.148 9.864452 16.191 0.091 0.091 9.922
450 16.2 0.105 0.105 9.951451 16.209 0.139 0.139 10.008452 16.218 -0.024 -0.024 9.740453 16.227 0.225 0.225 9.860
451 16.236 -0.024 -0.024 9.817452 16.245 0.192 0.192 9.879453 16.254 0.120 0.120 9.826454 16.263 0.148 0.148 9.932
452 16.272 0.077 0.077 9.941453 16.281 0.072 0.072 9.912454 16.29 -0.053 -0.053 9.884455 16.299 0.105 0.105 10.013
453 16.308 0.125 0.125 9.855454 16.317 0.158 0.158 10.042455 16.326 0.144 0.144 10.003456 16.335 0.091 0.091 10.018
454 16.344 0.144 0.144 9.884455 16.353 0.120 0.120 9.970456 16.362 0.101 0.101 9.970457 16.371 0.215 0.215 9.908
455 16.38 0.105 0.105 9.965456 16.389 0.192 0.192 9.888457 16.398 0.206 0.206 9.936458 16.407 0.048 0.048 9.869
456 16.416 0.139 0.139 9.812457 16.425 0.129 0.129 9.965458 16.434 0.101 0.101 9.864459 16.443 0.153 0.153 9.888
457 16.452 0.129 0.129 9.802458 16.461 0.067 0.067 9.893459 16.47 0.125 0.125 9.860460 16.479 0.254 0.254 10.013
458 16.488 0.158 0.158 9.946459 16.497 0.067 0.067 9.908460 16.506 0.010 0.010 9.912461 16.515 0.105 0.105 9.912
459 16.524 0.000 0.000 9.960460 16.533 0.101 0.101 9.879461 16.542 0.244 0.244 9.946462 16.551 0.081 0.081 9.898
460 16.56 0.125 0.125 9.908461 16.569 0.263 0.263 9.965462 16.578 0.192 0.192 9.864463 16.587 0.182 0.182 9.927
461 16.596 0.220 0.220 9.898462 16.605 0.163 0.163 10.027463 16.614 0.158 0.158 9.864464 16.623 0.105 0.105 9.936
462 16.632 0.081 0.081 9.855463 16.641 0.182 0.182 10.075464 16.65 0.048 0.048 10.022465 16.659 0.057 0.057 9.912
463 16.668 0.244 0.244 9.984464 16.677 0.005 0.005 9.936465 16.686 0.201 0.201 9.903466 16.695 0.067 0.067 9.826
464 16.704 0.062 0.062 10.018465 16.713 0.153 0.153 9.960466 16.722 0.067 0.067 9.970467 16.731 0.163 0.163 9.936
465 16.74 0.024 0.024 9.955466 16.749 0.148 0.148 9.845467 16.758 0.101 0.101 9.850468 16.767 0.029 0.029 9.922
466 16.776 0.172 0.172 9.955467 16.785 0.101 0.101 9.970468 16.794 0.182 0.182 9.860469 16.803 0.163 0.163 9.917
467 16.812 0.029 0.029 9.850468 16.821 0.115 0.115 9.936469 16.83 0.335 0.335 9.999470 16.839 0.110 0.110 9.979
468 16.848 0.220 0.220 9.893469 16.857 0.196 0.196 9.970470 16.866 0.177 0.177 10.099471 16.875 0.110 0.110 9.836
469 16.884 0.057 0.057 9.960470 16.893 0.034 0.034 9.970471 16.902 0.129 0.129 9.917472 16.911 0.091 0.091 9.946
470 16.92 0.206 0.206 9.769471 16.929 0.244 0.244 9.869472 16.938 0.115 0.115 9.994473 16.947 0.139 0.139 9.773
471 16.956 -0.043 -0.043 10.018472 16.965 0.196 0.196 10.037473 16.974 0.086 0.086 10.099474 16.983 0.053 0.053 9.678
472 16.992 0.201 0.201 9.955473 17.001 0.043 0.043 9.845474 17.01 0.196 0.196 9.917475 17.019 0.263 0.263 9.874
473 17.028 -0.115 -0.115 10.104474 17.037 0.000 0.000 9.783475 17.046 0.086 0.086 10.022476 17.055 0.220 0.220 9.936
474 17.064 0.077 0.077 9.975475 17.073 0.153 0.153 9.726476 17.082 0.182 0.182 10.219477 17.091 0.086 0.086 9.927
475 17.1 0.134 0.134 9.888476 17.109 0.144 0.144 10.037477 17.118 0.148 0.148 9.888478 17.127 0.148 0.148 9.922
476 17.136 0.105 0.105 9.999477 17.145 0.163 0.163 9.778478 17.154 0.129 0.129 9.965479 17.163 -0.010 -0.010 10.027
477 17.172 0.072 0.072 9.936478 17.181 0.139 0.139 9.975479 17.19 0.177 0.177 9.955480 17.199 0.062 0.062 9.946
478 17.208 0.062 0.062 9.912479 17.217 0.115 0.115 9.903480 17.226 0.172 0.172 9.922481 17.235 0.005 0.005 9.989
479 17.244 0.096 0.096 9.932480 17.253 0.244 0.244 9.769481 17.262 0.139 0.139 10.085482 17.271 0.081 0.081 9.884
480 17.28 0.101 0.101 9.922481 17.289 0.062 0.062 9.879482 17.298 0.086 0.086 9.941483 17.307 0.168 0.168 9.951
481 17.316 0.211 0.211 9.836482 17.325 0.125 0.125 9.979483 17.334 0.163 0.163 10.018484 17.343 0.168 0.168 9.917
482 17.352 0.110 0.110 9.927483 17.361 0.053 0.053 9.922484 17.37 0.134 0.134 9.831485 17.379 0.163 0.163 9.927
483 17.388 0.110 0.110 9.951484 17.397 0.235 0.235 9.927485 17.406 0.196 0.196 9.989486 17.415 0.163 0.163 9.999
484 17.424 0.163 0.163 9.951485 17.433 0.182 0.182 9.912486 17.442 0.134 0.134 9.841487 17.451 0.206 0.206 9.979
485 17.46 0.168 0.168 10.027486 17.469 0.110 0.110 9.955487 17.478 0.177 0.177 9.984488 17.487 0.067 0.067 9.874
486 17.496 0.235 0.235 9.922487 17.505 0.192 0.192 9.946488 17.514 -0.053 -0.053 9.884489 17.523 0.177 0.177 9.941
487 17.532 0.158 0.158 9.951488 17.541 0.014 0.014 9.888489 17.55 0.014 0.014 9.864490 17.559 0.163 0.163 9.951
488 17.568 0.148 0.148 9.927489 17.577 0.057 0.057 9.941490 17.586 0.110 0.110 9.879491 17.595 0.110 0.110 9.922
489 17.604 0.139 0.139 9.951490 17.613 0.158 0.158 9.903491 17.622 0.043 0.043 9.951492 17.631 0.168 0.168 9.807
490 17.64 0.101 0.101 9.860491 17.649 0.134 0.134 9.912492 17.658 0.086 0.086 9.936493 17.667 0.048 0.048 9.927
491 17.676 0.067 0.067 10.003492 17.685 0.139 0.139 9.893493 17.694 0.110 0.110 9.946494 17.703 0.144 0.144 10.018
492 17.712 0.187 0.187 9.999493 17.721 0.196 0.196 10.090494 17.73 -0.029 -0.029 9.979495 17.739 0.163 0.163 9.917
493 17.748 0.110 0.110 9.979494 17.757 0.115 0.115 9.912495 17.766 0.125 0.125 9.903496 17.775 0.072 0.072 9.864
494 17.784 0.115 0.115 10.056495 17.793 0.201 0.201 9.888496 17.802 0.081 0.081 10.013497 17.811 0.110 0.110 10.018
495 17.82 0.196 0.196 9.908496 17.829 0.129 0.129 10.070497 17.838 0.081 0.081 10.075498 17.847 0.187 0.187 9.888
496 17.856 0.168 0.168 9.999497 17.865 0.172 0.172 9.979498 17.874 0.249 0.249 9.927499 17.883 0.196 0.196 9.999
497 17.892 0.192 0.192 10.085498 17.901 0.019 0.019 9.884499 17.91 0.062 0.062 9.917500 17.919 0.148 0.148 9.965
498 17.928 0.163 0.163 9.955499 17.937 0.158 0.158 9.850500 17.946 0.014 0.014 9.869501 17.955 0.010 0.010 9.855
499 17.964 0.101 0.101 9.946500 17.973 0.144 0.144 9.941501 17.982 0.187 0.187 9.893502 17.991 0.168 0.168 9.979
500 18 0.259 0.259 9.874501 18.009 0.187 0.187 9.860502 18.018 0.158 0.158 9.845503 18.027 0.230 0.230 9.793
501 18.036 0.206 0.206 9.927502 18.045 0.125 0.125 9.888503 18.054 0.072 0.072 9.955504 18.063 0.345 0.345 10.137
502 18.072 0.168 0.168 9.807503 18.081 0.153 0.153 9.898504 18.09 0.125 0.125 9.850505 18.099 0.148 0.148 10.022
503 18.108 0.177 0.177 9.955504 18.117 0.115 0.115 9.807505 18.126 0.220 0.220 9.802506 18.135 0.120 0.120 10.032
504 18.144 0.101 0.101 9.984505 18.153 0.053 0.053 9.970506 18.162 0.120 0.120 10.037507 18.171 0.168 0.168 9.888
505 18.18 0.081 0.081 9.932506 18.189 0.096 0.096 10.046507 18.198 0.158 0.158 9.874508 18.207 0.091 0.091 9.850
506 18.216 0.172 0.172 10.027507 18.225 0.110 0.110 9.941508 18.234 0.067 0.067 9.874509 18.243 0.029 0.029 9.999
507 18.252 0.125 0.125 9.932508 18.261 0.134 0.134 9.912509 18.27 0.043 0.043 9.879510 18.279 0.168 0.168 9.955
508 18.288 0.086 0.086 10.003509 18.297 0.120 0.120 10.027510 18.306 0.096 0.096 9.970511 18.315 0.129 0.129 9.788
509 18.324 0.024 0.024 9.941510 18.333 0.072 0.072 9.860511 18.342 0.077 0.077 10.037512 18.351 0.110 0.110 9.898
510 18.36 0.196 0.196 9.994511 18.369 0.057 0.057 9.936512 18.378 0.067 0.067 9.893513 18.387 0.077 0.077 9.922
511 18.396 0.072 0.072 10.022512 18.405 0.096 0.096 9.884513 18.414 0.067 0.067 9.946514 18.423 0.192 0.192 9.879
512 18.432 0.091 0.091 9.841513 18.441 0.057 0.057 9.946514 18.45 0.163 0.163 9.898515 18.459 0.220 0.220 10.099
513 18.468 0.101 0.101 9.960514 18.477 0.163 0.163 9.836515 18.486 0.158 0.158 9.984516 18.495 0.153 0.153 9.903
514 18.504 0.196 0.196 9.946515 18.513 0.096 0.096 10.008516 18.522 0.177 0.177 9.984517 18.531 0.110 0.110 9.951
515 18.54 0.168 0.168 9.874516 18.549 0.139 0.139 9.927517 18.558 0.129 0.129 9.951518 18.567 0.211 0.211 10.042
516 18.576 0.177 0.177 9.917517 18.585 0.139 0.139 9.941518 18.594 0.043 0.043 10.061519 18.603 0.172 0.172 9.979
517 18.612 0.125 0.125 9.951518 18.621 0.177 0.177 9.970519 18.63 0.105 0.105 9.975520 18.639 0.211 0.211 9.955
518 18.648 0.057 0.057 9.999519 18.657 0.306 0.306 9.936520 18.666 0.206 0.206 9.912521 18.675 0.139 0.139 9.979
519 18.684 0.177 0.177 9.912520 18.693 0.105 0.105 9.850521 18.702 0.077 0.077 9.941522 18.711 0.172 0.172 10.003
520 18.72 0.072 0.072 9.955521 18.729 0.206 0.206 9.869522 18.738 0.292 0.292 9.874523 18.747 0.153 0.153 9.965
521 18.756 0.062 0.062 10.008522 18.765 0.086 0.086 9.903523 18.774 0.225 0.225 9.864524 18.783 0.115 0.115 9.994
522 18.792 0.148 0.148 9.994523 18.801 0.096 0.096 10.003524 18.81 0.101 0.101 9.994525 18.819 0.096 0.096 9.951
523 18.828 0.220 0.220 9.860524 18.837 0.096 0.096 9.908525 18.846 0.292 0.292 9.912526 18.855 0.048 0.048 9.946
524 18.864 0.215 0.215 9.960525 18.873 0.072 0.072 10.066526 18.882 0.158 0.158 9.826527 18.891 0.115 0.115 9.912
525 18.9 0.067 0.067 9.917526 18.909 0.144 0.144 9.951527 18.918 0.048 0.048 9.845528 18.927 0.096 0.096 9.793
526 18.936 0.072 0.072 9.932527 18.945 0.158 0.158 9.989528 18.954 0.101 0.101 9.879529 18.963 0.168 0.168 9.951
527 18.972 0.225 0.225 9.917528 18.981 0.110 0.110 10.022529 18.99 0.091 0.091 9.951530 18.999 0.168 0.168 9.970
528 19.008 -0.034 -0.034 9.888529 19.017 0.153 0.153 9.960530 19.026 0.153 0.153 9.778531 19.035 0.048 0.048 9.975
529 19.044 0.072 0.072 10.051530 19.053 0.125 0.125 10.003531 19.062 0.101 0.101 9.951532 19.071 0.081 0.081 9.860
530 19.08 0.005 0.005 10.003531 19.089 0.110 0.110 9.946532 19.098 0.235 0.235 9.922533 19.107 0.125 0.125 9.893
531 19.116 0.038 0.038 10.046532 19.125 0.177 0.177 9.908533 19.134 0.053 0.053 9.927534 19.143 0.019 0.019 9.845
532 19.152 0.086 0.086 9.874533 19.161 0.120 0.120 9.831534 19.17 0.086 0.086 9.941535 19.179 0.101 0.101 9.951
533 19.188 0.120 0.120 9.884534 19.197 0.072 0.072 9.932535 19.206 0.153 0.153 9.812536 19.215 -0.014 -0.014 9.960
534 19.224 0.105 0.105 9.941535 19.233 0.029 0.029 9.845536 19.242 0.206 0.206 9.922537 19.251 0.196 0.196 9.965
535 19.26 0.158 0.158 9.826536 19.269 0.024 0.024 9.908537 19.278 0.077 0.077 10.066538 19.287 0.182 0.182 9.922
536 19.296 0.072 0.072 9.941537 19.305 0.105 0.105 9.898538 19.314 0.144 0.144 10.027539 19.323 0.168 0.168 9.975
537 19.332 0.129 0.129 9.927538 19.341 0.096 0.096 9.869539 19.35 0.096 0.096 9.941540 19.359 0.038 0.038 9.893
538 19.368 0.081 0.081 9.836539 19.377 0.187 0.187 9.908540 19.386 0.120 0.120 9.869541 19.395 0.000 0.000 9.970
539 19.404 0.120 0.120 9.970540 19.413 0.034 0.034 10.022541 19.422 0.168 0.168 9.826542 19.431 0.125 0.125 9.888
540 19.44 0.081 0.081 9.951541 19.449 0.168 0.168 9.927542 19.458 0.139 0.139 9.898543 19.467 0.125 0.125 9.855
541 19.476 0.086 0.086 9.965542 19.485 0.206 0.206 9.860543 19.494 0.043 0.043 9.960544 19.503 0.067 0.067 9.898
542 19.512 0.192 0.192 9.989543 19.521 0.168 0.168 10.075544 19.53 0.072 0.072 9.951545 19.539 0.120 0.120 9.903
543 19.548 0.139 0.139 9.927544 19.557 0.139 0.139 9.912545 19.566 0.316 0.316 10.018546 19.575 0.105 0.105 9.965
544 19.584 0.182 0.182 9.975545 19.593 0.101 0.101 10.013546 19.602 0.110 0.110 9.984547 19.611 0.182 0.182 9.946
545 19.62 0.010 0.010 9.908546 19.629 0.239 0.239 9.860547 19.638 0.230 0.230 10.042548 19.647 0.278 0.278 9.932
546 19.656 0.168 0.168 9.984547 19.665 0.057 0.057 10.042548 19.674 0.086 0.086 9.879549 19.683 0.067 0.067 9.975
547 19.692 0.105 0.105 9.927548 19.701 0.158 0.158 10.018549 19.71 0.057 0.057 9.955550 19.719 0.029 0.029 9.951
548 19.728 0.091 0.091 9.922549 19.737 0.263 0.263 9.874550 19.746 0.206 0.206 9.994551 19.755 0.172 0.172 10.061
549 19.764 0.206 0.206 9.965550 19.773 0.163 0.163 9.941551 19.782 0.120 0.120 9.826552 19.791 0.273 0.273 9.922
550 19.8 0.187 0.187 9.908551 19.809 0.120 0.120 9.941552 19.818 0.105 0.105 9.994553 19.827 0.158 0.158 9.932
551 19.836 0.129 0.129 9.936552 19.845 0.129 0.129 9.927553 19.854 0.062 0.062 9.936554 19.863 0.072 0.072 9.754
552 19.872 0.120 0.120 10.056553 19.881 0.091 0.091 9.975554 19.89 0.053 0.053 9.932555 19.899 0.139 0.139 10.037
553 19.908 0.072 0.072 9.788554 19.917 0.086 0.086 10.008555 19.926 0.177 0.177 10.037556 19.935 0.110 0.110 9.783
554 19.944 0.153 0.153 9.970555 19.953 0.235 0.235 9.960556 19.962 0.043 0.043 9.841557 19.971 0.125 0.125 9.884
555 19.98 0.105 0.105 9.955556 19.989 0.134 0.134 9.984557 19.998 0.144 0.144 9.932558 20.007 0.187 0.187 9.884
556 20.016 0.129 0.129 9.802557 20.025 0.043 0.043 9.869558 20.034 0.086 0.086 9.826559 20.043 0.139 0.139 9.999
557 20.052 0.105 0.105 10.046558 20.061 0.038 0.038 9.730559 20.07 0.019 0.019 10.003560 20.079 0.081 0.081 9.908
558 20.088 -0.034 -0.034 10.008559 20.097 0.072 0.072 9.817560 20.106 0.010 0.010 9.994561 20.115 0.201 0.201 9.807
559 20.124 0.101 0.101 9.922560 20.133 0.072 0.072 10.037561 20.142 0.153 0.153 9.989562 20.151 0.163 0.163 9.932
560 20.16 0.158 0.158 9.989561 20.169 0.259 0.259 9.812562 20.178 0.168 0.168 9.817563 20.187 0.034 0.034 9.975
561 20.196 0.148 0.148 10.013562 20.205 0.139 0.139 9.860563 20.214 0.077 0.077 9.989564 20.223 0.168 0.168 9.936
562 20.232 0.086 0.086 9.898563 20.241 0.120 0.120 10.061564 20.25 0.043 0.043 9.860565 20.259 -0.019 -0.019 9.999
563 20.268 0.182 0.182 9.874564 20.277 0.029 0.029 9.908565 20.286 0.067 0.067 9.922566 20.295 0.053 0.053 9.946
564 20.304 0.148 0.148 9.831565 20.313 0.158 0.158 9.989566 20.322 0.120 0.120 9.903567 20.331 0.230 0.230 10.046
565 20.34 0.196 0.196 9.888566 20.349 0.177 0.177 9.845567 20.358 0.129 0.129 9.946568 20.367 0.177 0.177 9.955
566 20.376 0.206 0.206 9.955567 20.385 -0.034 -0.034 9.764568 20.394 -0.072 -0.072 9.912569 20.403 0.158 0.158 10.013
567 20.412 0.148 0.148 9.884568 20.421 0.211 0.211 10.027569 20.43 0.220 0.220 9.754570 20.439 0.177 0.177 9.989
568 20.448 0.273 0.273 9.922569 20.457 -0.086 -0.086 9.821570 20.466 0.072 0.072 9.831571 20.475 0.196 0.196 9.960
569 20.484 0.029 0.029 9.836570 20.493 0.081 0.081 9.802571 20.502 0.110 0.110 9.936572 20.511 0.086 0.086 10.008
570 20.52 0.077 0.077 9.927571 20.529 0.101 0.101 10.008572 20.538 0.077 0.077 9.994573 20.547 0.101 0.101 9.927
571 20.556 0.043 0.043 9.979572 20.565 0.067 0.067 10.003573 20.574 0.081 0.081 10.147574 20.583 0.129 0.129 9.965
572 20.592 0.144 0.144 10.027573 20.601 0.062 0.062 9.898574 20.61 0.034 0.034 10.008575 20.619 0.215 0.215 9.879
573 20.628 0.086 0.086 9.903574 20.637 -0.029 -0.029 9.975575 20.646 0.057 0.057 9.960576 20.655 0.101 0.101 9.965
574 20.664 0.163 0.163 9.908575 20.673 0.029 0.029 9.841576 20.682 0.172 0.172 9.888577 20.691 0.096 0.096 9.841
575 20.7 0.034 0.034 9.970576 20.709 0.196 0.196 9.927577 20.718 0.081 0.081 9.821578 20.727 0.091 0.091 9.975
576 20.736 0.153 0.153 10.013577 20.745 0.105 0.105 9.836578 20.754 0.120 0.120 9.984579 20.763 0.249 0.249 9.955
577 20.772 0.072 0.072 9.946578 20.781 0.134 0.134 9.999579 20.79 0.139 0.139 9.960580 20.799 0.110 0.110 9.874
578 20.808 0.129 0.129 9.912579 20.817 0.196 0.196 10.013580 20.826 0.115 0.115 10.042581 20.835 0.101 0.101 9.984
579 20.844 0.172 0.172 9.879580 20.853 0.024 0.024 9.984581 20.862 0.192 0.192 10.003582 20.871 0.192 0.192 9.841
580 20.88 0.134 0.134 9.941581 20.889 0.010 0.010 9.965582 20.898 0.038 0.038 9.869583 20.907 0.105 0.105 9.979
581 20.916 0.211 0.211 10.051582 20.925 0.158 0.158 9.903583 20.934 0.172 0.172 10.008584 20.943 0.038 0.038 9.874
582 20.952 -0.005 -0.005 10.037583 20.961 0.201 0.201 9.874584 20.97 0.091 0.091 9.812585 20.979 0.000 0.000 9.860
583 20.988 0.110 0.110 9.941584 20.997 0.053 0.053 9.955585 21.006 0.220 0.220 9.960586 21.015 0.134 0.134 9.860
584 21.024 0.072 0.072 9.960585 21.033 -0.024 -0.024 9.927586 21.042 0.105 0.105 9.821587 21.051 0.014 0.014 9.989
585 21.06 0.263 0.263 9.807586 21.069 0.144 0.144 9.932587 21.078 -0.010 -0.010 9.773588 21.087 -0.034 -0.034 9.864
586 21.096 0.072 0.072 9.879587 21.105 0.182 0.182 10.176588 21.114 0.129 0.129 10.003589 21.123 0.225 0.225 9.888
587 21.132 0.043 0.043 9.912588 21.141 0.062 0.062 9.927589 21.15 0.077 0.077 9.874590 21.159 0.067 0.067 9.941
588 21.168 0.053 0.053 9.994589 21.177 0.144 0.144 10.003590 21.186 0.053 0.053 9.970591 21.195 0.038 0.038 9.898
589 21.204 0.053 0.053 9.917590 21.213 0.187 0.187 9.960591 21.222 0.201 0.201 9.960592 21.231 0.148 0.148 9.817
590 21.24 0.101 0.101 9.917591 21.249 0.053 0.053 9.807592 21.258 0.163 0.163 10.013593 21.267 0.034 0.034 9.946
591 21.276 0.148 0.148 9.826592 21.285 0.029 0.029 9.912593 21.294 0.268 0.268 9.927594 21.303 0.062 0.062 10.003
592 21.312 0.302 0.302 9.946593 21.321 0.201 0.201 9.979594 21.33 0.158 0.158 9.970595 21.339 0.168 0.168 10.018
593 21.348 0.192 0.192 9.802594 21.357 0.077 0.077 9.951595 21.366 0.120 0.120 9.745596 21.375 0.101 0.101 9.999
594 21.384 0.105 0.105 9.884595 21.393 0.067 0.067 9.879596 21.402 0.081 0.081 9.946597 21.411 0.192 0.192 9.917
595 21.42 0.105 0.105 9.970596 21.429 0.206 0.206 9.821597 21.438 0.115 0.115 9.936598 21.447 0.215 0.215 9.884
596 21.456 0.283 0.283 9.951597 21.465 0.110 0.110 9.888598 21.474 0.038 0.038 9.788599 21.483 0.196 0.196 9.936
597 21.492 0.105 0.105 9.984598 21.501 0.019 0.019 9.735599 21.51 0.029 0.029 10.037600 21.519 0.192 0.192 9.941
598 21.528 0.239 0.239 10.027599 21.537 0.187 0.187 9.951600 21.546 0.081 0.081 10.018601 21.555 0.129 0.129 9.922
599 21.564 0.220 0.220 9.955600 21.573 0.139 0.139 9.984601 21.582 0.177 0.177 9.836602 21.591 0.139 0.139 9.898
600 21.6 0.110 0.110 9.955601 21.609 0.177 0.177 9.960602 21.618 0.153 0.153 9.975603 21.627 0.129 0.129 9.984
601 21.636 0.239 0.239 9.850602 21.645 0.215 0.215 9.936603 21.654 0.259 0.259 10.061604 21.663 0.062 0.062 9.903
602 21.672 0.163 0.163 9.869603 21.681 0.134 0.134 9.821604 21.69 0.086 0.086 10.042605 21.699 0.172 0.172 9.917
603 21.708 0.192 0.192 9.917604 21.717 0.081 0.081 9.860605 21.726 0.163 0.163 9.970606 21.735 0.268 0.268 9.994
604 21.744 0.187 0.187 9.874605 21.753 0.105 0.105 9.831606 21.762 0.148 0.148 10.051607 21.771 0.072 0.072 9.831
605 21.78 0.172 0.172 9.879606 21.789 0.067 0.067 10.008607 21.798 0.034 0.034 10.032608 21.807 0.038 0.038 9.912
606 21.816 0.144 0.144 9.960607 21.825 0.177 0.177 9.936608 21.834 0.091 0.091 9.936609 21.843 0.019 0.019 9.941
607 21.852 0.101 0.101 10.022608 21.861 0.144 0.144 9.941609 21.87 0.177 0.177 9.869610 21.879 0.158 0.158 9.773
608 21.888 0.220 0.220 10.066609 21.897 0.153 0.153 10.037610 21.906 0.125 0.125 9.635611 21.915 0.077 0.077 9.975
609 21.924 0.077 0.077 9.994610 21.933 0.144 0.144 10.051611 21.942 0.053 0.053 10.056612 21.951 0.081 0.081 9.960
610 21.96 0.077 0.077 9.898611 21.969 0.144 0.144 9.879612 21.978 0.110 0.110 10.022613 21.987 0.206 0.206 9.994
611 21.996 0.215 0.215 9.841612 22.005 0.125 0.125 9.922613 22.014 0.211 0.211 9.970614 22.023 0.182 0.182 9.941
612 22.032 0.125 0.125 9.797613 22.041 0.110 0.110 9.960614 22.05 0.129 0.129 9.927615 22.059 0.192 0.192 10.018
613 22.068 0.029 0.029 9.888614 22.077 -0.010 -0.010 9.908615 22.086 0.134 0.134 9.788616 22.095 0.029 0.029 9.884
614 22.104 0.148 0.148 10.018615 22.113 0.043 0.043 9.932616 22.122 0.115 0.115 9.946617 22.131 0.187 0.187 9.874
615 22.14 0.177 0.177 9.888616 22.149 0.038 0.038 9.836617 22.158 0.230 0.230 9.884618 22.167 0.215 0.215 9.903
616 22.176 0.139 0.139 9.951617 22.185 0.192 0.192 9.946618 22.194 0.115 0.115 9.922619 22.203 0.096 0.096 9.927
617 22.212 0.024 0.024 9.879618 22.221 0.067 0.067 9.812619 22.23 0.125 0.125 9.893620 22.239 0.101 0.101 9.951
618 22.248 0.110 0.110 9.951619 22.257 0.134 0.134 9.927620 22.266 0.019 0.019 9.955621 22.275 0.053 0.053 10.013
619 22.284 0.168 0.168 9.807620 22.293 0.043 0.043 9.936621 22.302 0.057 0.057 10.003622 22.311 0.000 0.000 9.922
620 22.32 0.096 0.096 9.932621 22.329 0.125 0.125 10.094622 22.338 0.134 0.134 9.793623 22.347 0.019 0.019 9.898
621 22.356 0.010 0.010 9.850622 22.365 0.163 0.163 9.975623 22.374 0.177 0.177 9.999624 22.383 0.129 0.129 9.869
622 22.392 0.014 0.014 9.975623 22.401 0.086 0.086 9.917624 22.41 0.249 0.249 9.879625 22.419 0.096 0.096 9.999
623 22.428 0.168 0.168 9.893624 22.437 0.182 0.182 9.888625 22.446 0.144 0.144 9.936626 22.455 0.153 0.153 9.960
624 22.464 0.019 0.019 9.965625 22.473 0.144 0.144 9.936626 22.482 0.148 0.148 9.879627 22.491 0.134 0.134 9.999
625 22.5 0.010 0.010 10.037626 22.509 0.072 0.072 9.955627 22.518 0.043 0.043 9.979628 22.527 0.168 0.168 9.941
626 22.536 0.158 0.158 9.912627 22.545 0.187 0.187 9.917628 22.554 0.153 0.153 9.908629 22.563 0.125 0.125 9.807
627 22.572 0.196 0.196 9.898628 22.581 0.249 0.249 9.898629 22.59 0.120 0.120 9.965630 22.599 0.048 0.048 9.898
628 22.608 0.096 0.096 9.869629 22.617 0.144 0.144 9.994630 22.626 0.048 0.048 9.984631 22.635 0.148 0.148 9.841
629 22.644 0.072 0.072 9.955630 22.653 0.053 0.053 10.018631 22.662 0.158 0.158 9.836632 22.671 0.072 0.072 9.912
630 22.68 0.115 0.115 9.908631 22.689 0.101 0.101 9.912632 22.698 0.139 0.139 9.884633 22.707 0.014 0.014 9.936
631 22.716 0.091 0.091 9.941632 22.725 0.115 0.115 9.984633 22.734 0.158 0.158 10.003634 22.743 0.187 0.187 10.027
632 22.752 0.192 0.192 9.979633 22.761 0.134 0.134 9.893634 22.77 0.134 0.134 9.927635 22.779 0.120 0.120 10.104
633 22.788 0.010 0.010 9.941634 22.797 0.158 0.158 10.018635 22.806 0.110 0.110 10.046636 22.815 0.105 0.105 9.817
634 22.824 0.196 0.196 10.003635 22.833 0.067 0.067 9.888636 22.842 0.120 0.120 10.003637 22.851 0.153 0.153 9.917
635 22.86 0.034 0.034 9.874636 22.869 0.048 0.048 9.970637 22.878 0.201 0.201 9.778638 22.887 0.158 0.158 9.984
636 22.896 0.129 0.129 9.903637 22.905 0.292 0.292 10.003638 22.914 0.086 0.086 9.951639 22.923 0.177 0.177 9.951
637 22.932 -0.067 -0.067 10.022638 22.941 0.187 0.187 9.970639 22.95 0.177 0.177 9.965640 22.959 0.134 0.134 9.936
638 22.968 0.158 0.158 10.056639 22.977 0.048 0.048 9.970640 22.986 0.230 0.230 9.917641 22.995 0.129 0.129 9.960
639 23.004 0.096 0.096 9.960640 23.013 0.115 0.115 9.941641 23.022 0.196 0.196 9.836642 23.031 0.139 0.139 9.932
640 23.04 0.096 0.096 9.927641 23.049 0.259 0.259 9.893642 23.058 0.172 0.172 9.989643 23.067 0.072 0.072 9.884
641 23.076 0.105 0.105 9.970642 23.085 0.096 0.096 9.979643 23.094 0.038 0.038 9.970644 23.103 0.115 0.115 9.932
642 23.112 -0.010 -0.010 9.946643 23.121 0.177 0.177 9.821644 23.13 0.096 0.096 10.022645 23.139 0.101 0.101 9.860
643 23.148 0.134 0.134 9.946644 23.157 0.086 0.086 9.917645 23.166 0.172 0.172 9.912646 23.175 0.148 0.148 9.989
644 23.184 0.144 0.144 9.946645 23.193 0.110 0.110 9.831646 23.202 0.196 0.196 9.960647 23.211 0.091 0.091 9.917
645 23.22 0.148 0.148 9.955646 23.229 0.134 0.134 9.975647 23.238 0.077 0.077 9.979648 23.247 0.053 0.053 9.994
646 23.256 0.053 0.053 9.869647 23.265 0.139 0.139 9.903648 23.274 0.096 0.096 10.013649 23.283 0.019 0.019 9.884
647 23.292 0.153 0.153 9.764648 23.301 0.153 0.153 9.932649 23.31 0.096 0.096 9.898650 23.319 -0.005 -0.005 9.826
648 23.328 0.120 0.120 9.999649 23.337 0.048 0.048 9.951650 23.346 0.091 0.091 9.903651 23.355 0.043 0.043 9.836
649 23.364 0.129 0.129 9.951650 23.373 0.225 0.225 10.066651 23.382 0.077 0.077 10.037652 23.391 0.077 0.077 9.960
650 23.4 0.192 0.192 10.051651 23.409 0.158 0.158 9.860652 23.418 0.024 0.024 10.013653 23.427 0.038 0.038 10.051
651 23.436 0.239 0.239 10.104652 23.445 0.096 0.096 9.979653 23.454 0.096 0.096 9.783654 23.463 0.259 0.259 9.965
652 23.472 0.187 0.187 10.075653 23.481 0.034 0.034 9.917654 23.49 0.024 0.024 9.989655 23.499 0.067 0.067 9.989
653 23.508 -0.057 -0.057 9.869654 23.517 0.086 0.086 9.979655 23.526 0.129 0.129 9.903656 23.535 0.105 0.105 9.941
654 23.544 0.158 0.158 9.903655 23.553 0.110 0.110 10.003656 23.562 0.096 0.096 9.912657 23.571 0.139 0.139 9.879
655 23.58 -0.129 -0.129 10.022656 23.589 0.048 0.048 9.908657 23.598 0.139 0.139 9.927658 23.607 0.048 0.048 9.874
656 23.616 0.096 0.096 9.989657 23.625 0.220 0.220 10.027658 23.634 0.129 0.129 9.941659 23.643 0.182 0.182 9.893
657 23.652 0.172 0.172 9.979658 23.661 0.072 0.072 9.927659 23.67 0.077 0.077 9.864660 23.679 0.110 0.110 9.898
658 23.688 0.148 0.148 9.817659 23.697 0.120 0.120 9.884660 23.706 0.110 0.110 10.003661 23.715 0.129 0.129 10.003
659 23.724 0.067 0.067 9.965660 23.733 0.192 0.192 9.960661 23.742 0.062 0.062 9.836662 23.751 0.249 0.249 9.979
660 23.76 0.086 0.086 10.037661 23.769 0.115 0.115 9.912662 23.778 0.201 0.201 9.884663 23.787 0.187 0.187 9.951
661 23.796 -0.024 -0.024 9.898662 23.805 0.091 0.091 9.955663 23.814 0.014 0.014 9.989664 23.823 0.019 0.019 9.955
662 23.832 0.105 0.105 9.884663 23.841 0.010 0.010 9.984664 23.85 0.005 0.005 9.999665 23.859 0.177 0.177 9.912
663 23.868 0.172 0.172 10.018664 23.877 0.129 0.129 9.955665 23.886 0.105 0.105 9.965666 23.895 0.081 0.081 9.989
664 23.904 0.134 0.134 9.941665 23.913 0.062 0.062 9.908666 23.922 0.077 0.077 9.932667 23.931 0.196 0.196 9.817
665 23.94 0.144 0.144 9.893666 23.949 0.192 0.192 10.027667 23.958 0.220 0.220 9.984668 23.967 0.172 0.172 9.860
666 23.976 0.110 0.110 9.994667 23.985 0.148 0.148 10.070668 23.994 0.192 0.192 10.037669 24.003 0.010 0.010 9.955
667 24.012 0.110 0.110 9.922668 24.021 0.168 0.168 9.912669 24.03 0.120 0.120 10.018670 24.039 0.048 0.048 9.903
668 24.048 0.029 0.029 9.989669 24.057 0.220 0.220 9.965670 24.066 0.072 0.072 9.970671 24.075 0.110 0.110 9.965
669 24.084 0.120 0.120 9.984670 24.093 0.125 0.125 9.884671 24.102 0.115 0.115 9.908672 24.111 0.077 0.077 9.860
670 24.12 0.062 0.062 10.051671 24.129 0.053 0.053 9.927672 24.138 0.148 0.148 9.922673 24.147 0.148 0.148 9.874
671 24.156 0.086 0.086 9.951672 24.165 0.163 0.163 9.898673 24.174 0.215 0.215 9.783674 24.183 0.187 0.187 9.922
672 24.192 0.110 0.110 9.879673 24.201 0.091 0.091 10.022674 24.21 0.110 0.110 9.922675 24.219 0.096 0.096 9.936
673 24.228 0.168 0.168 9.984674 24.237 0.201 0.201 10.090675 24.246 0.125 0.125 10.013676 24.255 0.220 0.220 9.874
674 24.264 0.182 0.182 9.946675 24.273 0.139 0.139 9.932676 24.282 0.163 0.163 10.056677 24.291 0.268 0.268 9.879
675 24.3 0.115 0.115 9.888676 24.309 0.125 0.125 9.951677 24.318 0.172 0.172 10.013678 24.327 0.091 0.091 9.970
676 24.336 0.254 0.254 9.888677 24.345 0.172 0.172 9.908678 24.354 0.144 0.144 9.817679 24.363 0.158 0.158 10.037
677 24.372 0.153 0.153 9.965678 24.381 0.053 0.053 9.960679 24.39 0.187 0.187 9.975680 24.399 0.029 0.029 9.908
678 24.408 0.038 0.038 9.898679 24.417 0.105 0.105 10.056680 24.426 0.129 0.129 10.003681 24.435 0.019 0.019 9.960
679 24.444 0.000 0.000 10.046680 24.453 0.163 0.163 9.999681 24.462 0.163 0.163 9.869682 24.471 0.129 0.129 9.975
680 24.48 0.086 0.086 9.927681 24.489 0.053 0.053 9.893682 24.498 0.081 0.081 10.027683 24.507 0.182 0.182 9.898
681 24.516 0.220 0.220 9.903682 24.525 0.215 0.215 9.946683 24.534 0.072 0.072 9.831684 24.543 0.172 0.172 9.955
682 24.552 0.091 0.091 9.908683 24.561 0.010 0.010 10.008684 24.57 0.148 0.148 9.955685 24.579 0.192 0.192 9.860
683 24.588 0.034 0.034 9.965684 24.597 0.172 0.172 9.965685 24.606 0.067 0.067 9.932686 24.615 0.292 0.292 9.960
684 24.624 0.129 0.129 9.955685 24.633 0.139 0.139 9.951686 24.642 0.153 0.153 9.955687 24.651 0.043 0.043 9.826
685 24.66 0.105 0.105 9.932686 24.669 0.081 0.081 10.013687 24.678 0.120 0.120 9.841688 24.687 0.182 0.182 9.979
686 24.696 0.177 0.177 9.965687 24.705 0.115 0.115 9.955688 24.714 0.062 0.062 9.965689 24.723 0.201 0.201 9.917
687 24.732 0.201 0.201 9.879688 24.741 0.168 0.168 10.013689 24.75 0.120 0.120 10.032690 24.759 0.144 0.144 9.893
688 24.768 0.129 0.129 9.874689 24.777 0.057 0.057 9.984690 24.786 0.196 0.196 9.975691 24.795 0.148 0.148 9.917
689 24.804 0.168 0.168 9.946690 24.813 0.249 0.249 9.970691 24.822 0.077 0.077 9.970692 24.831 0.096 0.096 10.032
690 24.84 0.254 0.254 9.941691 24.849 0.048 0.048 9.970692 24.858 0.134 0.134 9.912693 24.867 0.096 0.096 10.032
691 24.876 0.139 0.139 9.951692 24.885 0.206 0.206 10.027693 24.894 0.168 0.168 9.922694 24.903 0.168 0.168 9.955
692 24.912 0.062 0.062 9.946693 24.921 0.278 0.278 9.951694 24.93 0.101 0.101 9.927695 24.939 0.220 0.220 9.946
693 24.948 0.110 0.110 9.893694 24.957 0.048 0.048 9.946695 24.966 0.086 0.086 9.893696 24.975 0.134 0.134 9.879
694 24.984 0.129 0.129 9.979695 24.993 0.134 0.134 9.893696 25.002 0.158 0.158 9.903697 25.011 0.120 0.120 9.936
695 25.02 0.038 0.038 9.888696 25.029 0.144 0.144 9.860697 25.038 0.105 0.105 10.018698 25.047 0.211 0.211 9.960
696 25.056 0.254 0.254 10.003697 25.065 0.086 0.086 9.888698 25.074 0.215 0.215 9.941699 25.083 0.239 0.239 9.917
697 25.092 0.168 0.168 9.994698 25.101 0.249 0.249 9.903699 25.11 0.148 0.148 10.027700 25.119 0.014 0.014 9.888
698 25.128 0.134 0.134 9.912699 25.137 0.177 0.177 9.869700 25.146 0.144 0.144 9.908701 25.155 0.287 0.287 10.018
699 25.164 0.062 0.062 9.855700 25.173 0.158 0.158 9.884701 25.182 0.115 0.115 9.836702 25.191 0.101 0.101 9.888
700 25.2 0.153 0.153 9.826701 25.209 0.091 0.091 9.936702 25.218 0.067 0.067 9.960703 25.227 0.182 0.182 9.869
701 25.236 0.254 0.254 9.879702 25.245 0.081 0.081 9.927703 25.254 0.163 0.163 9.932704 25.263 0.081 0.081 9.917
702 25.272 0.263 0.263 9.946703 25.281 0.062 0.062 10.056704 25.29 0.086 0.086 10.008705 25.299 0.211 0.211 10.003
703 25.308 0.192 0.192 9.941704 25.317 0.192 0.192 10.051705 25.326 0.163 0.163 9.989706 25.335 0.010 0.010 9.927
704 25.344 0.120 0.120 9.955705 25.353 0.129 0.129 9.927706 25.362 0.077 0.077 9.917707 25.371 0.148 0.148 10.123
705 25.38 0.048 0.048 10.022706 25.389 0.110 0.110 10.018707 25.398 0.134 0.134 10.046708 25.407 0.177 0.177 9.965
706 25.416 0.086 0.086 9.917707 25.425 0.081 0.081 9.946708 25.434 0.182 0.182 9.927709 25.443 0.000 0.000 9.970
707 25.452 0.019 0.019 9.936708 25.461 0.062 0.062 9.908709 25.47 0.115 0.115 9.989710 25.479 0.220 0.220 9.970
708 25.488 0.129 0.129 9.817709 25.497 0.230 0.230 9.941710 25.506 0.148 0.148 9.946711 25.515 0.120 0.120 9.979
709 25.524 0.134 0.134 10.032710 25.533 0.139 0.139 9.984711 25.542 0.220 0.220 9.845712 25.551 0.096 0.096 9.946
710 25.56 0.172 0.172 9.960711 25.569 0.101 0.101 9.960712 25.578 0.086 0.086 9.893713 25.587 0.139 0.139 9.922
711 25.596 0.029 0.029 9.908712 25.605 0.187 0.187 10.046713 25.614 0.053 0.053 10.018714 25.623 0.101 0.101 9.898
712 25.632 0.144 0.144 10.592713 25.641 0.192 0.192 9.927714 25.65 0.105 0.105 9.979715 25.659 0.134 0.134 9.951
713 25.668 0.038 0.038 9.932714 25.677 0.163 0.163 9.946715 25.686 0.139 0.139 9.855716 25.695 0.043 0.043 10.042
714 25.704 0.177 0.177 9.979715 25.713 0.144 0.144 9.955716 25.722 0.110 0.110 10.013717 25.731 0.263 0.263 10.018
715 25.74 0.115 0.115 9.898716 25.749 0.110 0.110 10.042717 25.758 0.134 0.134 9.989718 25.767 0.034 0.034 9.855
716 25.776 0.072 0.072 9.893717 25.785 0.158 0.158 9.874718 25.794 0.153 0.153 9.893719 25.803 0.201 0.201 9.989
717 25.812 0.101 0.101 9.946718 25.821 0.134 0.134 9.936719 25.83 0.192 0.192 9.898720 25.839 0.196 0.196 9.893
718 25.848 0.125 0.125 9.855719 25.857 0.129 0.129 9.869720 25.866 0.244 0.244 9.869721 25.875 0.081 0.081 9.841
719 25.884 0.129 0.129 9.893720 25.893 0.168 0.168 9.932721 25.902 0.182 0.182 9.912722 25.911 0.139 0.139 9.860
720 25.92 0.086 0.086 9.922721 25.929 0.115 0.115 9.951722 25.938 0.220 0.220 9.879723 25.947 0.057 0.057 10.075
721 25.956 0.120 0.120 10.022722 25.965 0.139 0.139 9.821723 25.974 0.172 0.172 9.941724 25.983 0.077 0.077 9.946
722 25.992 0.014 0.014 10.027723 26.001 0.062 0.062 9.941724 26.01 0.254 0.254 9.994725 26.019 0.163 0.163 10.027
723 26.028 0.057 0.057 9.874724 26.037 0.206 0.206 9.936725 26.046 0.014 0.014 10.051726 26.055 -0.034 -0.034 9.773
724 26.064 0.125 0.125 9.936725 26.073 0.220 0.220 9.850726 26.082 0.144 0.144 9.908727 26.091 0.072 0.072 9.979
725 26.1 0.086 0.086 10.027726 26.109 0.120 0.120 9.965727 26.118 -0.010 -0.010 9.936728 26.127 0.158 0.158 9.955
726 26.136 0.163 0.163 9.932727 26.145 0.144 0.144 9.917728 26.154 0.263 0.263 9.903729 26.163 0.110 0.110 9.874
727 26.172 -0.005 -0.005 9.927728 26.181 0.125 0.125 9.970729 26.19 0.115 0.115 9.955730 26.199 0.125 0.125 9.922
728 26.208 0.072 0.072 9.946729 26.217 0.211 0.211 9.946730 26.226 0.062 0.062 9.984731 26.235 0.129 0.129 9.979
729 26.244 0.096 0.096 9.951730 26.253 0.105 0.105 9.912731 26.262 0.101 0.101 9.917732 26.271 0.148 0.148 10.032
730 26.28 0.115 0.115 9.802731 26.289 0.211 0.211 9.960732 26.298 0.053 0.053 9.936733 26.307 0.034 0.034 10.003
731 26.316 0.034 0.034 9.874732 26.325 0.125 0.125 9.946733 26.334 0.144 0.144 9.898734 26.343 0.187 0.187 9.922
732 26.352 0.115 0.115 9.946733 26.361 0.211 0.211 9.927734 26.37 0.101 0.101 9.975735 26.379 0.062 0.062 9.817
733 26.388 0.067 0.067 9.979734 26.397 0.038 0.038 9.946735 26.406 0.053 0.053 10.085736 26.415 0.072 0.072 9.908
734 26.424 0.192 0.192 9.888735 26.433 0.177 0.177 9.989736 26.442 0.134 0.134 9.841737 26.451 -0.029 -0.029 10.051
735 26.46 0.120 0.120 9.884736 26.469 0.096 0.096 9.975737 26.478 -0.024 -0.024 9.941738 26.487 0.168 0.168 9.936
736 26.496 0.024 0.024 9.864737 26.505 -0.014 -0.014 9.965738 26.514 0.139 0.139 10.013739 26.523 0.057 0.057 9.773
737 26.532 0.158 0.158 10.008738 26.541 0.105 0.105 9.759739 26.55 0.201 0.201 10.061740 26.559 0.139 0.139 9.831
738 26.568 0.125 0.125 9.960739 26.577 0.168 0.168 9.946740 26.586 0.153 0.153 9.869741 26.595 0.110 0.110 10.094
739 26.604 0.273 0.273 9.893740 26.613 0.091 0.091 9.965741 26.622 0.249 0.249 9.855742 26.631 0.158 0.158 9.850
740 26.64 0.163 0.163 9.984741 26.649 0.244 0.244 9.879742 26.658 0.153 0.153 10.013743 26.667 0.134 0.134 9.922
741 26.676 0.110 0.110 9.960742 26.685 0.254 0.254 9.759743 26.694 0.139 0.139 9.932744 26.703 0.153 0.153 9.979
742 26.712 0.168 0.168 9.994743 26.721 -0.014 -0.014 9.879744 26.73 0.115 0.115 10.080745 26.739 0.148 0.148 9.845
743 26.748 0.158 0.158 9.903744 26.757 0.062 0.062 9.922745 26.766 0.129 0.129 9.903746 26.775 0.110 0.110 9.908
744 26.784 0.158 0.158 9.965745 26.793 0.120 0.120 10.094746 26.802 0.029 0.029 9.845747 26.811 0.192 0.192 9.941
745 26.82 0.062 0.062 9.903746 26.829 -0.019 -0.019 10.037747 26.838 0.120 0.120 9.941748 26.847 0.029 0.029 9.903
746 26.856 0.034 0.034 9.994747 26.865 0.148 0.148 9.994748 26.874 0.225 0.225 9.994749 26.883 0.172 0.172 9.970
747 26.892 0.201 0.201 10.051748 26.901 -0.010 -0.010 9.946749 26.91 0.115 0.115 9.917750 26.919 0.034 0.034 9.960
748 26.928 0.077 0.077 9.984749 26.937 0.249 0.249 9.932750 26.946 0.034 0.034 9.879751 26.955 0.259 0.259 9.879
749 26.964 0.077 0.077 9.855750 26.973 -0.014 -0.014 9.869751 26.982 0.120 0.120 9.955752 26.991 -0.019 -0.019 10.018
750 27 0.120 0.120 10.085751 27.009 0.201 0.201 9.927752 27.018 0.057 0.057 9.874753 27.027 0.139 0.139 9.903
751 27.036 0.091 0.091 9.927752 27.045 0.235 0.235 9.936753 27.054 0.187 0.187 9.898754 27.063 0.144 0.144 9.845
752 27.072 0.158 0.158 10.018753 27.081 0.096 0.096 10.008754 27.09 0.101 0.101 9.941755 27.099 0.067 0.067 9.860
753 27.108 0.182 0.182 9.860754 27.117 0.129 0.129 10.094755 27.126 0.048 0.048 9.884756 27.135 -0.038 -0.038 9.951
754 27.144 0.120 0.120 9.960755 27.153 0.110 0.110 9.898756 27.162 0.196 0.196 9.922757 27.171 0.163 0.163 10.109
755 27.18 0.125 0.125 9.936756 27.189 0.053 0.053 9.912757 27.198 0.110 0.110 9.860758 27.207 0.081 0.081 10.042
756 27.216 0.187 0.187 9.802757 27.225 0.134 0.134 9.927758 27.234 0.153 0.153 9.941759 27.243 0.139 0.139 9.936
757 27.252 0.187 0.187 9.912758 27.261 0.259 0.259 9.884759 27.27 0.129 0.129 10.090760 27.279 0.101 0.101 9.979
758 27.288 0.148 0.148 9.802759 27.297 0.091 0.091 9.898760 27.306 0.168 0.168 9.864761 27.315 0.010 0.010 9.869
759 27.324 0.048 0.048 9.979760 27.333 0.139 0.139 9.831761 27.342 0.000 0.000 9.946762 27.351 0.148 0.148 9.898
760 27.36 0.134 0.134 10.018761 27.369 0.120 0.120 9.999762 27.378 0.110 0.110 9.836763 27.387 0.153 0.153 10.075
761 27.396 0.158 0.158 9.941762 27.405 0.115 0.115 9.932763 27.414 0.148 0.148 9.864764 27.423 0.172 0.172 9.932
762 27.432 0.125 0.125 9.778763 27.441 0.057 0.057 9.975764 27.45 0.273 0.273 9.941765 27.459 0.144 0.144 9.845
