75 2.7 -0.024 -0.024 9.96576 2.709 -0.014 -0.014 9.92777 2.718 0.005 0.005 9.87478 2.727 -0.014 -0.014 9.730
76 2.736 0.005 0.005 9.91777 2.745 -0.034 -0.034 9.75478 2.754 0.091 0.091 9.98979 2.763 -0.086 -0.086 9.845
77 2.772 0.019 0.019 9.80778 2.781 -0.057 -0.057 9.90379 2.79 0.038 0.038 9.73580 2.799 0.081 0.081 9.807
78 2.808 0.034 0.034 9.91279 2.817 -0.010 -0.010 9.86980 2.826 -0.120 -0.120 9.80281 2.835 -0.081 -0.081 9.831
79 2.844 0.062 0.062 9.88480 2.853 -0.101 -0.101 9.97081 2.862 -0.177 -0.177 9.83182 2.871 -0.024 -0.024 9.831
80 2.88 -0.010 -0.010 9.67881 2.889 0.048 0.048 9.95182 2.898 -0.019 -0.019 9.80283 2.907 -0.053 -0.053 9.903
81 2.916 0.086 0.086 9.90382 2.925 0.005 0.005 9.86083 2.934 -0.101 -0.101 9.80284 2.943 -0.091 -0.091 9.841
82 2.952 -0.072 -0.072 9.76483 2.961 -0.062 -0.062 9.89384 2.97 -0.053 -0.053 9.89885 2.979 0.096 0.096 9.821
83 2.988 -0.072 -0.072 10.03284 2.997 -0.038 -0.038 9.93685 3.006 -0.034 -0.034 10.00386 3.015 -0.081 -0.081 9.769
84 3.024 0.038 0.038 9.92785 3.033 -0.014 -0.014 9.77386 3.042 -0.053 -0.053 9.95587 3.051 -0.043 -0.043 9.893
85 3.06 -0.196 -0.196 9.78886 3.069 -0.120 -0.120 9.86487 3.078 -0.081 -0.081 9.93288 3.087 -0.062 -0.062 9.908
86 3.096 -0.110 -0.110 9.79387 3.105 0.053 0.053 9.87488 3.114 0.010 0.010 9.99489 3.123 0.043 0.043 9.850
87 3.132 0.043 0.043 9.76988 3.141 -0.062 -0.062 9.91789 3.15 0.019 0.019 9.85590 3.159 0.048 0.048 9.721
88 3.168 -0.067 -0.067 9.88889 3.177 0.053 0.053 9.84190 3.186 -0.010 -0.010 9.86091 3.195 0.014 0.014 9.841
89 3.204 -0.062 -0.062 9.78890 3.213 -0.120 -0.120 9.82191 3.222 -0.067 -0.067 9.82692 3.231 -0.043 -0.043 9.908
90 3.24 0.000 0.000 9.91291 3.249 -0.005 -0.005 9.75092 3.258 0.014 0.014 9.85593 3.267 -0.091 -0.091 9.917
91 3.276 -0.086 -0.086 9.91292 3.285 0.048 0.048 9.67893 3.294 -0.043 -0.043 9.74594 3.303 0.067 0.067 9.817
92 3.312 0.019 0.019 9.77893 3.321 -0.038 -0.038 9.69294 3.33 -0.086 -0.086 9.88495 3.339 -0.129 -0.129 9.855
93 3.348 -0.014 -0.014 9.78394 3.357 0.034 0.034 9.93295 3.366 -0.057 -0.057 9.87996 3.375 0.034 0.034 10.013
94 3.384 -0.158 -0.158 9.79395 3.393 0.014 0.014 9.82696 3.402 -0.072 -0.072 9.97597 3.411 0.057 0.057 9.884
95 3.42 -0.034 -0.034 9.89396 3.429 0.086 0.086 9.74597 3.438 0.072 0.072 9.78898 3.447 0.077 0.077 9.812
96 3.456 -0.029 -0.029 9.87997 3.465 -0.014 -0.014 9.86998 3.474 -0.053 -0.053 9.89399 3.483 -0.038 -0.038 9.845
97 3.492 -0.057 -0.057 9.93698 3.501 0.014 0.014 9.81299 3.51 -0.110 -0.110 9.845100 3.519 0.000 0.000 9.812
98 3.528 -0.019 -0.019 9.95599 3.537 -0.043 -0.043 9.836100 3.546 0.029 0.029 9.922101 3.555 0.043 0.043 9.874
99 3.564 0.000 0.000 9.788100 3.573 0.034 0.034 9.788101 3.582 0.014 0.014 9.726102 3.591 -0.005 -0.005 9.769
100 3.6 0.034 0.034 9.888101 3.609 -0.019 -0.019 9.831102 3.618 -0.077 -0.077 9.922103 3.627 -0.053 -0.053 9.817
101 3.636 0.053 0.053 9.783102 3.645 -0.034 -0.034 9.788103 3.654 -0.129 -0.129 9.812104 3.663 0.000 0.000 9.994
102 3.672 0.000 0.000 9.812103 3.681 -0.158 -0.158 9.721104 3.69 -0.057 -0.057 9.769105 3.699 0.134 0.134 9.740
103 3.708 -0.019 -0.019 9.946104 3.717 0.005 0.005 9.884105 3.726 -0.101 -0.101 9.960106 3.735 0.048 0.048 9.841
104 3.744 -0.120 -0.120 9.922105 3.753 -0.101 -0.101 9.850106 3.762 0.005 0.005 9.855107 3.771 0.101 0.101 9.797
105 3.78 0.034 0.034 9.788106 3.789 -0.019 -0.019 9.836107 3.798 -0.019 -0.019 9.927108 3.807 -0.048 -0.048 9.797
106 3.816 0.005 0.005 9.860107 3.825 -0.034 -0.034 9.788108 3.834 0.029 0.029 9.946109 3.843 -0.019 -0.019 9.855
107 3.852 -0.034 -0.034 9.898108 3.861 -0.019 -0.019 9.864109 3.87 0.019 0.019 9.807110 3.879 0.000 0.000 9.869
108 3.888 -0.101 -0.101 9.912109 3.897 -0.067 -0.067 9.888110 3.906 0.043 0.043 9.908111 3.915 -0.034 -0.034 9.908
109 3.924 -0.043 -0.043 9.874110 3.933 0.024 0.024 9.869111 3.942 -0.077 -0.077 9.797112 3.951 0.110 0.110 9.932
110 3.96 -0.091 -0.091 9.884111 3.969 -0.072 -0.072 9.754112 3.978 -0.134 -0.134 9.879113 3.987 -0.029 -0.029 9.841
111 3.996 0.062 0.062 9.836112 4.005 -0.019 -0.019 9.831113 4.014 -0.019 -0.019 9.735114 4.023 0.024 0.024 9.845
112 4.032 -0.029 -0.029 9.917113 4.041 -0.048 -0.048 9.850114 4.05 0.014 0.014 9.788115 4.059 0.029 0.029 9.855
113 4.068 -0.057 -0.057 9.793114 4.077 0.010 0.010 9.908115 4.086 0.038 0.038 9.754116 4.095 -0.096 -0.096 9.764
114 4.104 -0.024 -0.024 9.912115 4.113 -0.048 -0.048 9.807116 4.122 -0.148 -0.148 9.946117 4.131 0.077 0.077 9.788
115 4.14 -0.134 -0.134 9.908116 4.149 -0.024 -0.024 9.874117 4.158 -0.048 -0.048 9.903118 4.167 -0.077 -0.077 9.750
116 4.176 -0.168 -0.168 9.898117 4.185 0.000 0.000 9.711118 4.194 -0.038 -0.038 9.845119 4.203 0.072 0.072 9.908
117 4.212 0.005 0.005 9.912118 4.221 0.024 0.024 9.874119 4.23 -0.038 -0.038 9.874120 4.239 -0.029 -0.029 9.879
118 4.248 -0.101 -0.101 9.831119 4.257 -0.005 -0.005 9.831120 4.266 -0.057 -0.057 9.864121 4.275 -0.120 -0.120 10.013
119 4.284 -0.081 -0.081 9.841120 4.293 -0.005 -0.005 9.788121 4.302 0.000 0.000 9.975122 4.311 0.029 0.029 9.788
120 4.32 0.019 0.019 9.845121 4.329 -0.014 -0.014 9.807122 4.338 0.019 0.019 9.927123 4.347 -0.091 -0.091 9.841
121 4.356 -0.029 -0.029 9.797122 4.365 0.005 0.005 9.817123 4.374 0.038 0.038 9.845124 4.383 -0.005 -0.005 9.917
122 4.392 0.014 0.014 9.855123 4.401 -0.086 -0.086 9.740124 4.41 -0.014 -0.014 9.692125 4.419 -0.029 -0.029 9.869
123 4.428 -0.086 -0.086 9.826124 4.437 -0.014 -0.014 9.879125 4.446 0.005 0.005 9.841126 4.455 -0.014 -0.014 9.773
124 4.464 -0.019 -0.019 9.917125 4.473 -0.019 -0.019 9.898126 4.482 0.057 0.057 9.831127 4.491 -0.053 -0.053 9.922
125 4.5 -0.053 -0.053 9.922126 4.509 0.043 0.043 9.932127 4.518 0.014 0.014 9.903128 4.527 -0.072 -0.072 9.812
126 4.536 -0.067 -0.067 9.965127 4.545 0.038 0.038 9.888128 4.554 0.086 0.086 9.903129 4.563 -0.005 -0.005 9.764
127 4.572 -0.105 -0.105 9.850128 4.581 -0.005 -0.005 9.769129 4.59 -0.062 -0.062 9.917130 4.599 -0.091 -0.091 9.932
128 4.608 -0.101 -0.101 9.850129 4.617 0.053 0.053 9.869130 4.626 0.019 0.019 9.788131 4.635 -0.086 -0.086 9.788
129 4.644 -0.077 -0.077 9.826130 4.653 -0.081 -0.081 9.812131 4.662 -0.010 -0.010 9.932132 4.671 -0.034 -0.034 9.960
130 4.68 0.048 0.048 9.783131 4.689 -0.105 -0.105 9.817132 4.698 0.091 0.091 9.927133 4.707 -0.053 -0.053 9.778
131 4.716 0.038 0.038 9.860132 4.725 -0.057 -0.057 9.884133 4.734 -0.010 -0.010 9.817134 4.743 0.043 0.043 9.831
132 4.752 -0.038 -0.038 9.908133 4.761 -0.019 -0.019 9.908134 4.77 -0.077 -0.077 9.716135 4.779 -0.120 -0.120 9.802
133 4.788 -0.034 -0.034 9.927134 4.797 0.010 0.010 9.845135 4.806 -0.053 -0.053 9.726136 4.815 0.048 0.048 9.850
134 4.824 0.115 0.115 9.836135 4.833 -0.072 -0.072 9.754136 4.842 0.005 0.005 9.922137 4.851 -0.005 -0.005 9.855
135 4.86 -0.115 -0.115 9.706136 4.869 -0.057 -0.057 9.826137 4.878 -0.024 -0.024 9.836138 4.887 -0.096 -0.096 9.903
136 4.896 0.043 0.043 9.836137 4.905 -0.053 -0.053 9.912138 4.914 -0.091 -0.091 9.946139 4.923 -0.038 -0.038 9.826
137 4.932 0.024 0.024 9.946138 4.941 -0.081 -0.081 9.797139 4.95 -0.101 -0.101 9.850140 4.959 -0.072 -0.072 9.884
138 4.968 -0.005 -0.005 9.845139 4.977 0.072 0.072 9.812140 4.986 -0.014 -0.014 9.769141 4.995 0.005 0.005 9.855
139 5.004 -0.043 -0.043 9.912140 5.013 -0.043 -0.043 9.759141 5.022 -0.101 -0.101 9.970142 5.031 -0.125 -0.125 9.884
140 5.04 0.038 0.038 9.778141 5.049 0.081 0.081 9.759142 5.058 -0.053 -0.053 9.922143 5.067 0.038 0.038 9.788
141 5.076 -0.072 -0.072 9.927142 5.085 -0.129 -0.129 9.898143 5.094 0.043 0.043 9.817144 5.103 -0.048 -0.048 9.807
142 5.112 -0.091 -0.091 9.740143 5.121 0.091 0.091 9.922144 5.13 -0.125 -0.125 9.936145 5.139 -0.067 -0.067 9.927
143 5.148 0.014 0.014 9.884144 5.157 -0.077 -0.077 9.807145 5.166 -0.005 -0.005 9.860146 5.175 -0.115 -0.115 9.836
144 5.184 -0.101 -0.101 9.692145 5.193 0.005 0.005 9.764146 5.202 0.062 0.062 9.864147 5.211 0.010 0.010 9.903
145 5.22 -0.120 -0.120 9.869146 5.229 0.034 0.034 9.874147 5.238 -0.148 -0.148 9.903148 5.247 -0.091 -0.091 9.841
146 5.256 0.000 0.000 9.764147 5.265 0.010 0.010 9.716148 5.274 -0.034 -0.034 9.941149 5.283 -0.120 -0.120 9.879
147 5.292 -0.014 -0.014 9.951148 5.301 -0.072 -0.072 10.013149 5.31 -0.086 -0.086 9.735150 5.319 0.139 0.139 10.233
148 5.328 0.077 0.077 9.860149 5.337 -0.029 -0.029 9.888150 5.346 0.077 0.077 9.783151 5.355 -0.072 -0.072 9.855
149 5.364 0.048 0.048 9.922150 5.373 -0.024 -0.024 9.687151 5.382 -0.177 -0.177 10.037152 5.391 0.086 0.086 9.764
150 5.4 -0.029 -0.029 9.730151 5.409 0.110 0.110 10.171152 5.418 0.029 0.029 9.797153 5.427 -0.029 -0.029 9.644
151 5.436 0.005 0.005 9.912152 5.445 0.072 0.072 10.022153 5.454 -0.019 -0.019 9.620154 5.463 0.129 0.129 10.137
152 5.472 -0.005 -0.005 9.745153 5.481 0.215 0.215 9.524154 5.49 -0.043 -0.043 9.793155 5.499 0.034 0.034 9.965
153 5.508 -0.048 -0.048 9.706154 5.517 -0.024 -0.024 9.663155 5.526 -0.091 -0.091 9.941156 5.535 -0.043 -0.043 9.764
154 5.544 -0.034 -0.034 9.965155 5.553 -0.038 -0.038 9.908156 5.562 0.005 0.005 10.061157 5.571 0.029 0.029 9.845
155 5.58 -0.139 -0.139 9.663156 5.589 -0.062 -0.062 9.659157 5.598 0.000 0.000 9.917158 5.607 -0.014 -0.014 9.893
156 5.616 0.043 0.043 9.769157 5.625 -0.148 -0.148 9.754158 5.634 0.029 0.029 9.821159 5.643 -0.048 -0.048 9.946
157 5.652 -0.043 -0.043 9.884158 5.661 -0.105 -0.105 9.927159 5.67 0.024 0.024 9.740160 5.679 -0.163 -0.163 9.740
158 5.688 -0.010 -0.010 9.740159 5.697 0.014 0.014 9.783160 5.706 0.072 0.072 9.764161 5.715 0.034 0.034 9.845
159 5.724 -0.120 -0.120 9.836160 5.733 0.077 0.077 9.812161 5.742 0.120 0.120 9.793162 5.751 -0.129 -0.129 9.778
160 5.76 -0.010 -0.010 9.817161 5.769 -0.091 -0.091 9.860162 5.778 -0.048 -0.048 9.730163 5.787 -0.005 -0.005 9.869
161 5.796 -0.077 -0.077 9.769162 5.805 0.077 0.077 9.802163 5.814 0.029 0.029 9.908164 5.823 -0.038 -0.038 9.817
162 5.832 -0.067 -0.067 9.888163 5.841 0.000 0.000 9.989164 5.85 0.105 0.105 9.855165 5.859 -0.029 -0.029 9.946
163 5.868 0.029 0.029 9.927164 5.877 -0.024 -0.024 9.821165 5.886 0.005 0.005 9.788166 5.895 0.081 0.081 9.864
164 5.904 0.101 0.101 10.003165 5.913 0.091 0.091 9.860166 5.922 -0.019 -0.019 9.874167 5.931 0.091 0.091 9.836
165 5.94 -0.019 -0.019 9.754166 5.949 -0.110 -0.110 9.884167 5.958 -0.014 -0.014 9.831168 5.967 0.014 0.014 9.788
166 5.976 -0.038 -0.038 9.975167 5.985 -0.029 -0.029 9.932168 5.994 -0.129 -0.129 9.955169 6.003 0.029 0.029 9.697
167 6.012 -0.029 -0.029 9.841168 6.021 0.043 0.043 9.869169 6.03 0.034 0.034 9.898170 6.039 -0.010 -0.010 9.788
168 6.048 0.034 0.034 9.888169 6.057 -0.139 -0.139 9.845170 6.066 -0.129 -0.129 9.869171 6.075 0.024 0.024 9.836
169 6.084 -0.115 -0.115 9.807170 6.093 -0.057 -0.057 9.874171 6.102 -0.057 -0.057 9.802172 6.111 0.014 0.014 9.850
170 6.12 -0.096 -0.096 9.845171 6.129 -0.057 -0.057 9.773172 6.138 0.048 0.048 9.888173 6.147 -0.034 -0.034 9.773
171 6.156 0.019 0.019 9.965172 6.165 0.000 0.000 9.831173 6.174 -0.024 -0.024 9.946174 6.183 0.005 0.005 9.869
172 6.192 0.029 0.029 9.912173 6.201 -0.014 -0.014 9.788174 6.21 -0.005 -0.005 9.955175 6.219 0.062 0.062 9.903
173 6.228 0.043 0.043 9.884174 6.237 -0.115 -0.115 9.955175 6.246 -0.115 -0.115 9.726176 6.255 0.043 0.043 9.927
174 6.264 -0.005 -0.005 9.869175 6.273 0.005 0.005 9.797176 6.282 0.024 0.024 9.730177 6.291 -0.010 -0.010 9.884
175 6.3 0.034 0.034 9.879176 6.309 0.062 0.062 9.845177 6.318 -0.010 -0.010 9.841178 6.327 -0.014 -0.014 9.841
176 6.336 -0.005 -0.005 9.888177 6.345 0.067 0.067 9.759178 6.354 -0.091 -0.091 9.879179 6.363 0.029 0.029 9.802
177 6.372 -0.067 -0.067 9.922178 6.381 -0.010 -0.010 9.697179 6.39 -0.048 -0.048 9.874180 6.399 -0.072 -0.072 9.807
178 6.408 -0.048 -0.048 9.879179 6.417 -0.019 -0.019 9.860180 6.426 -0.091 -0.091 9.721181 6.435 -0.005 -0.005 9.927
179 6.444 0.024 0.024 9.836180 6.453 0.034 0.034 9.927181 6.462 0.014 0.014 9.841182 6.471 -0.057 -0.057 9.946
180 6.48 -0.005 -0.005 9.860181 6.489 -0.010 -0.010 9.764182 6.498 -0.081 -0.081 9.706183 6.507 0.081 0.081 9.874
181 6.516 0.014 0.014 9.850182 6.525 -0.105 -0.105 9.855183 6.534 -0.067 -0.067 9.869184 6.543 0.062 0.062 9.917
182 6.552 -0.062 -0.062 9.884183 6.561 0.038 0.038 9.874184 6.57 -0.010 -0.010 9.869185 6.579 0.000 0.000 9.797
183 6.588 0.067 0.067 9.841184 6.597 0.010 0.010 9.817185 6.606 -0.053 -0.053 9.879186 6.615 -0.091 -0.091 9.970
184 6.624 0.010 0.010 9.793185 6.633 0.077 0.077 9.941186 6.642 0.005 0.005 9.879187 6.651 -0.053 -0.053 9.850
185 6.66 -0.048 -0.048 9.860186 6.669 -0.072 -0.072 10.046187 6.678 0.014 0.014 9.893188 6.687 0.067 0.067 9.917
186 6.696 -0.014 -0.014 9.864187 6.705 0.029 0.029 9.826188 6.714 -0.115 -0.115 9.884189 6.723 -0.067 -0.067 9.917
187 6.732 -0.019 -0.019 9.778188 6.741 0.010 0.010 9.922189 6.75 -0.034 -0.034 9.836190 6.759 0.110 0.110 9.845
188 6.768 0.000 0.000 10.324189 6.777 0.024 0.024 9.773190 6.786 -0.144 -0.144 9.836191 6.795 -0.096 -0.096 9.740
189 6.804 0.072 0.072 9.788190 6.813 -0.067 -0.067 9.850191 6.822 -0.077 -0.077 9.874192 6.831 0.000 0.000 9.797
190 6.84 0.038 0.038 9.773191 6.849 0.096 0.096 9.855192 6.858 -0.005 -0.005 9.821193 6.867 0.019 0.019 10.037
191 6.876 -0.081 -0.081 9.812192 6.885 -0.019 -0.019 9.908193 6.894 0.062 0.062 9.807194 6.903 -0.057 -0.057 9.965
192 6.912 0.010 0.010 9.759193 6.921 -0.053 -0.053 9.764194 6.93 0.105 0.105 9.836195 6.939 -0.057 -0.057 9.807
193 6.948 -0.019 -0.019 9.893194 6.957 -0.105 -0.105 9.769195 6.966 -0.115 -0.115 9.850196 6.975 -0.029 -0.029 9.965
194 6.984 0.000 0.000 9.845195 6.993 0.005 0.005 9.903196 7.002 -0.038 -0.038 9.692197 7.011 -0.005 -0.005 9.912
195 7.02 -0.014 -0.014 9.951196 7.029 -0.072 -0.072 9.726197 7.038 -0.187 -0.187 9.946198 7.047 0.077 0.077 9.946
196 7.056 0.038 0.038 9.903197 7.065 -0.081 -0.081 9.874198 7.074 -0.038 -0.038 10.003199 7.083 -0.005 -0.005 9.735
197 7.092 -0.024 -0.024 9.797198 7.101 0.019 0.019 9.845199 7.11 0.067 0.067 10.109200 7.119 -0.043 -0.043 9.750
198 7.128 -0.038 -0.038 10.142199 7.137 -0.038 -0.038 9.965200 7.146 -0.086 -0.086 9.946201 7.155 -0.034 -0.034 9.893
199 7.164 0.129 0.129 10.171200 7.173 -0.034 -0.034 9.807201 7.182 -0.086 -0.086 9.826202 7.191 0.010 0.010 9.702
200 7.2 -0.029 -0.029 9.802201 7.209 0.072 0.072 9.841202 7.218 0.000 0.000 9.812203 7.227 -0.048 -0.048 9.745
201 7.236 0.000 0.000 9.888202 7.245 0.010 0.010 9.750203 7.254 -0.110 -0.110 9.936204 7.263 -0.120 -0.120 9.682
202 7.272 -0.057 -0.057 9.855203 7.281 0.077 0.077 10.090204 7.29 -0.177 -0.177 9.750205 7.299 -0.110 -0.110 9.721
203 7.308 -0.053 -0.053 9.659204 7.317 -0.034 -0.034 9.893205 7.326 -0.034 -0.034 9.745206 7.335 0.019 0.019 9.836
204 7.344 -0.067 -0.067 9.841205 7.353 -0.029 -0.029 9.884206 7.362 -0.053 -0.053 9.778207 7.371 -0.048 -0.048 9.793
205 7.38 -0.053 -0.053 9.836206 7.389 0.134 0.134 9.821207 7.398 -0.110 -0.110 9.812208 7.407 -0.115 -0.115 9.927
206 7.416 -0.101 -0.101 9.807207 7.425 -0.072 -0.072 9.831208 7.434 -0.110 -0.110 9.874209 7.443 -0.019 -0.019 9.836
207 7.452 -0.081 -0.081 9.850208 7.461 -0.014 -0.014 9.836209 7.47 0.144 0.144 9.908210 7.479 -0.024 -0.024 9.893
208 7.488 -0.048 -0.048 9.821209 7.497 -0.014 -0.014 9.888210 7.506 -0.038 -0.038 9.740211 7.515 -0.029 -0.029 9.874
209 7.524 -0.024 -0.024 9.826210 7.533 0.048 0.048 9.836211 7.542 -0.086 -0.086 10.008212 7.551 0.043 0.043 9.841
210 7.56 0.000 0.000 9.888211 7.569 -0.014 -0.014 9.970212 7.578 -0.120 -0.120 9.831213 7.587 0.005 0.005 9.788
211 7.596 0.010 0.010 9.874212 7.605 0.000 0.000 9.903213 7.614 0.024 0.024 9.821214 7.623 -0.005 -0.005 9.836
212 7.632 -0.105 -0.105 9.888213 7.641 0.000 0.000 9.908214 7.65 0.000 0.000 9.750215 7.659 0.057 0.057 9.860
213 7.668 0.005 0.005 9.932214 7.677 -0.057 -0.057 9.841215 7.686 -0.053 -0.053 9.797216 7.695 0.038 0.038 9.721
214 7.704 -0.057 -0.057 9.869215 7.713 -0.038 -0.038 9.821216 7.722 -0.038 -0.038 9.951217 7.731 -0.029 -0.029 9.869
215 7.74 -0.014 -0.014 9.797216 7.749 -0.024 -0.024 9.845217 7.758 0.019 0.019 9.836218 7.767 -0.010 -0.010 9.769
216 7.776 0.010 0.010 9.855217 7.785 -0.125 -0.125 9.850218 7.794 -0.048 -0.048 9.860219 7.803 -0.072 -0.072 9.793
217 7.812 -0.101 -0.101 9.711218 7.821 0.043 0.043 9.884219 7.83 -0.029 -0.029 9.984220 7.839 0.091 0.091 9.864
218 7.848 0.010 0.010 9.884219 7.857 -0.029 -0.029 9.769220 7.866 -0.038 -0.038 9.908221 7.875 -0.034 -0.034 9.788
219 7.884 -0.038 -0.038 9.807220 7.893 -0.034 -0.034 9.888221 7.902 0.043 0.043 9.812222 7.911 -0.014 -0.014 9.884
220 7.92 0.043 0.043 9.874221 7.929 -0.019 -0.019 9.898222 7.938 -0.081 -0.081 9.735223 7.947 0.101 0.101 9.826
221 7.956 -0.101 -0.101 9.678222 7.965 -0.010 -0.010 9.759223 7.974 -0.053 -0.053 9.888224 7.983 -0.005 -0.005 9.936
222 7.992 0.010 0.010 9.845223 8.001 -0.086 -0.086 9.860224 8.01 -0.010 -0.010 9.888225 8.019 -0.034 -0.034 9.860
223 8.028 -0.077 -0.077 9.965224 8.037 -0.057 -0.057 9.764225 8.046 -0.062 -0.062 9.721226 8.055 0.000 0.000 9.788
224 8.064 -0.053 -0.053 9.922225 8.073 -0.101 -0.101 9.773226 8.082 -0.077 -0.077 9.879227 8.091 -0.163 -0.163 9.759
225 8.1 0.010 0.010 9.831226 8.109 0.187 0.187 9.898227 8.118 -0.153 -0.153 9.812228 8.127 -0.010 -0.010 9.874
226 8.136 -0.024 -0.024 9.951227 8.145 -0.067 -0.067 9.797228 8.154 -0.019 -0.019 9.764229 8.163 -0.010 -0.010 9.802
227 8.172 0.072 0.072 9.855228 8.181 -0.053 -0.053 9.999229 8.19 -0.019 -0.019 9.917230 8.199 0.043 0.043 9.888
228 8.208 -0.053 -0.053 9.740229 8.217 -0.077 -0.077 9.927230 8.226 0.029 0.029 9.836231 8.235 -0.034 -0.034 9.893
229 8.244 -0.067 -0.067 9.860230 8.253 0.005 0.005 9.807231 8.262 -0.096 -0.096 9.888232 8.271 0.062 0.062 9.855
230 8.28 0.024 0.024 9.745231 8.289 -0.101 -0.101 9.745232 8.298 -0.034 -0.034 9.855233 8.307 -0.101 -0.101 9.845
231 8.316 -0.057 -0.057 9.908232 8.325 -0.024 -0.024 9.970233 8.334 0.019 0.019 9.826234 8.343 -0.029 -0.029 9.941
232 8.352 0.057 0.057 9.932233 8.361 -0.072 -0.072 9.802234 8.37 -0.129 -0.129 9.831235 8.379 0.005 0.005 9.860
233 8.388 -0.038 -0.038 9.932234 8.397 0.072 0.072 9.788235 8.406 -0.077 -0.077 9.874236 8.415 0.053 0.053 9.903
234 8.424 0.029 0.029 9.788235 8.433 -0.034 -0.034 9.860236 8.442 0.000 0.000 9.783237 8.451 -0.067 -0.067 9.769
235 8.46 0.024 0.024 9.869236 8.469 -0.062 -0.062 9.836237 8.478 0.019 0.019 9.836238 8.487 0.000 0.000 9.855
236 8.496 -0.081 -0.081 9.965237 8.505 -0.067 -0.067 9.706238 8.514 0.057 0.057 9.946239 8.523 0.105 0.105 9.860
237 8.532 0.024 0.024 9.864238 8.541 0.010 0.010 9.759239 8.55 -0.062 -0.062 9.888240 8.559 0.057 0.057 9.812
238 8.568 -0.105 -0.105 9.864239 8.577 -0.034 -0.034 9.979240 8.586 0.010 0.010 9.869241 8.595 -0.072 -0.072 9.970
239 8.604 -0.168 -0.168 9.989240 8.613 -0.010 -0.010 9.975241 8.622 -0.101 -0.101 9.860242 8.631 -0.048 -0.048 9.893
240 8.64 -0.005 -0.005 9.817241 8.649 -0.110 -0.110 9.932242 8.658 -0.048 -0.048 9.797243 8.667 0.014 0.014 9.807
241 8.676 0.034 0.034 9.860242 8.685 -0.005 -0.005 9.941243 8.694 0.053 0.053 9.898244 8.703 -0.038 -0.038 9.855
242 8.712 0.014 0.014 10.027243 8.721 -0.014 -0.014 9.759244 8.73 -0.053 -0.053 9.941245 8.739 -0.101 -0.101 9.898
243 8.748 0.000 0.000 9.826244 8.757 -0.091 -0.091 9.855245 8.766 -0.010 -0.010 9.860246 8.775 -0.014 -0.014 9.946
244 8.784 -0.110 -0.110 9.788245 8.793 0.010 0.010 9.845246 8.802 0.019 0.019 9.769247 8.811 -0.077 -0.077 9.898
245 8.82 -0.010 -0.010 9.807246 8.829 -0.057 -0.057 9.817247 8.838 0.010 0.010 9.917248 8.847 -0.005 -0.005 9.793
246 8.856 -0.053 -0.053 9.750247 8.865 0.110 0.110 9.860248 8.874 -0.057 -0.057 9.797249 8.883 -0.043 -0.043 9.783
247 8.892 -0.029 -0.029 9.860248 8.901 0.105 0.105 9.912249 8.91 -0.096 -0.096 9.841250 8.919 0.010 0.010 9.845
248 8.928 0.072 0.072 9.845249 8.937 -0.048 -0.048 9.888250 8.946 -0.043 -0.043 9.788251 8.955 0.005 0.005 9.884
249 8.964 -0.139 -0.139 9.898250 8.973 -0.067 -0.067 9.807251 8.982 -0.019 -0.019 9.874252 8.991 0.038 0.038 9.826
250 9 -0.034 -0.034 9.994251 9.009 0.048 0.048 9.783252 9.018 -0.010 -0.010 9.951253 9.027 0.010 0.010 9.836
251 9.036 -0.014 -0.014 9.888252 9.045 -0.101 -0.101 9.860253 9.054 0.029 0.029 9.778254 9.063 0.005 0.005 9.860
252 9.072 -0.072 -0.072 9.687253 9.081 -0.096 -0.096 9.745254 9.09 -0.172 -0.172 9.596255 9.099 -0.048 -0.048 9.702
253 9.108 -0.062 -0.062 9.850254 9.117 -0.038 -0.038 9.721255 9.126 -0.081 -0.081 9.884256 9.135 -0.019 -0.019 9.960
254 9.144 -0.057 -0.057 10.013255 9.153 0.024 0.024 9.802256 9.162 0.000 0.000 9.817257 9.171 -0.062 -0.062 9.812
255 9.18 -0.019 -0.019 9.668256 9.189 -0.115 -0.115 9.960257 9.198 0.043 0.043 9.888258 9.207 0.000 0.000 9.764
256 9.216 -0.005 -0.005 9.793257 9.225 -0.067 -0.067 9.778258 9.234 0.019 0.019 9.716259 9.243 0.062 0.062 9.874
257 9.252 0.077 0.077 9.793258 9.261 -0.005 -0.005 9.869259 9.27 0.014 0.014 9.884260 9.279 -0.005 -0.005 9.726
258 9.288 -0.062 -0.062 9.807259 9.297 -0.005 -0.005 9.836260 9.306 -0.057 -0.057 10.056261 9.315 0.029 0.029 9.855
259 9.324 -0.029 -0.029 9.831260 9.333 0.034 0.034 9.730261 9.342 -0.091 -0.091 9.955262 9.351 0.043 0.043 9.750
260 9.36 -0.057 -0.057 9.965261 9.369 -0.072 -0.072 9.912262 9.378 -0.091 -0.091 9.979263 9.387 -0.120 -0.120 9.706
261 9.396 0.091 0.091 9.845262 9.405 0.024 0.024 9.855263 9.414 -0.187 -0.187 9.946264 9.423 0.048 0.048 9.793
262 9.432 -0.120 -0.120 9.836263 9.441 -0.029 -0.029 9.721264 9.45 -0.053 -0.053 9.927265 9.459 -0.125 -0.125 9.754
263 9.468 -0.125 -0.125 9.869264 9.477 -0.043 -0.043 9.841265 9.486 0.014 0.014 9.817266 9.495 -0.072 -0.072 9.841
264 9.504 -0.081 -0.081 9.884265 9.513 0.081 0.081 9.802266 9.522 -0.048 -0.048 9.802267 9.531 -0.048 -0.048 9.831
265 9.54 -0.029 -0.029 9.821266 9.549 -0.053 -0.053 9.826267 9.558 -0.139 -0.139 9.941268 9.567 -0.101 -0.101 9.831
266 9.576 0.024 0.024 9.735267 9.585 0.014 0.014 9.908268 9.594 0.024 0.024 9.884269 9.603 0.024 0.024 9.850
267 9.612 -0.043 -0.043 9.793268 9.621 -0.062 -0.062 9.812269 9.63 -0.024 -0.024 9.855270 9.639 0.019 0.019 9.802
268 9.648 -0.038 -0.038 9.864269 9.657 -0.072 -0.072 9.951270 9.666 0.043 0.043 9.845271 9.675 -0.005 -0.005 9.860
269 9.684 -0.038 -0.038 9.955270 9.693 -0.096 -0.096 9.812271 9.702 -0.105 -0.105 9.845272 9.711 -0.029 -0.029 9.783
270 9.72 -0.053 -0.053 9.836271 9.729 -0.096 -0.096 9.869272 9.738 0.010 0.010 9.879273 9.747 0.062 0.062 10.037
271 9.756 0.029 0.029 9.869272 9.765 0.057 0.057 9.855273 9.774 0.081 0.081 9.721274 9.783 0.067 0.067 9.912
272 9.792 0.024 0.024 9.951273 9.801 -0.144 -0.144 9.893274 9.81 0.048 0.048 9.759275 9.819 -0.029 -0.029 9.745
273 9.828 0.000 0.000 9.960274 9.837 0.010 0.010 9.759275 9.846 0.048 0.048 10.022276 9.855 -0.163 -0.163 9.903
274 9.864 -0.043 -0.043 9.869275 9.873 0.038 0.038 9.946276 9.882 0.024 0.024 9.932277 9.891 0.038 0.038 9.869
275 9.9 0.010 0.010 9.855276 9.909 -0.038 -0.038 9.927277 9.918 0.048 0.048 9.841278 9.927 -0.014 -0.014 9.936
276 9.936 0.038 0.038 9.850277 9.945 0.029 0.029 9.759278 9.954 0.096 0.096 9.821279 9.963 -0.029 -0.029 9.812
277 9.972 0.072 0.072 9.812278 9.981 0.067 0.067 9.807279 9.99 -0.062 -0.062 9.893280 9.999 -0.072 -0.072 9.884
278 10.008 -0.091 -0.091 9.788279 10.017 0.086 0.086 9.831280 10.026 0.005 0.005 9.778281 10.035 -0.062 -0.062 9.884
279 10.044 -0.019 -0.019 9.879280 10.053 0.062 0.062 9.898281 10.062 0.014 0.014 9.764282 10.071 0.005 0.005 9.989
280 10.08 -0.129 -0.129 9.826281 10.089 -0.019 -0.019 9.917282 10.098 -0.220 -0.220 9.888283 10.107 -0.072 -0.072 9.788
281 10.116 0.067 0.067 9.817282 10.125 -0.029 -0.029 9.807283 10.134 0.053 0.053 9.836284 10.143 -0.014 -0.014 9.893
282 10.152 -0.029 -0.029 9.841283 10.161 -0.110 -0.110 9.773284 10.17 -0.057 -0.057 9.807285 10.179 -0.077 -0.077 9.745
283 10.188 0.019 0.019 9.932284 10.197 -0.057 -0.057 9.740285 10.206 -0.043 -0.043 9.625286 10.215 -0.125 -0.125 9.860
284 10.224 0.129 0.129 9.735285 10.233 -0.010 -0.010 9.812286 10.242 0.019 0.019 9.735287 10.251 0.005 0.005 9.812
285 10.26 -0.005 -0.005 9.769286 10.269 -0.019 -0.019 9.845287 10.278 -0.057 -0.057 9.989288 10.287 -0.129 -0.129 9.740
286 10.296 -0.096 -0.096 9.687287 10.305 0.029 0.029 9.764288 10.314 -0.024 -0.024 9.912289 10.323 -0.014 -0.014 9.711
287 10.332 -0.057 -0.057 9.946288 10.341 0.010 0.010 9.917289 10.35 -0.105 -0.105 9.860290 10.359 0.057 0.057 9.874
288 10.368 -0.081 -0.081 9.754289 10.377 -0.120 -0.120 9.864290 10.386 -0.125 -0.125 9.783291 10.395 -0.096 -0.096 9.802
289 10.404 -0.067 -0.067 9.975290 10.413 0.038 0.038 9.908291 10.422 -0.072 -0.072 9.817292 10.431 0.014 0.014 9.903
290 10.44 0.105 0.105 9.979291 10.449 -0.029 -0.029 9.754292 10.458 0.086 0.086 9.864293 10.467 0.086 0.086 9.984
291 10.476 -0.053 -0.053 9.821292 10.485 -0.014 -0.014 9.874293 10.494 -0.077 -0.077 9.884294 10.503 -0.062 -0.062 9.917
292 10.512 0.000 0.000 9.941293 10.521 -0.010 -0.010 9.855294 10.53 -0.019 -0.019 9.841295 10.539 0.072 0.072 9.793
293 10.548 0.005 0.005 9.821294 10.557 -0.110 -0.110 9.745295 10.566 -0.096 -0.096 9.831296 10.575 0.029 0.029 9.869
294 10.584 0.057 0.057 9.797295 10.593 -0.091 -0.091 9.817296 10.602 -0.067 -0.067 9.888297 10.611 0.081 0.081 9.687
295 10.62 -0.077 -0.077 9.735296 10.629 0.158 0.158 9.893297 10.638 -0.110 -0.110 9.888298 10.647 0.182 0.182 9.783
296 10.656 0.168 0.168 9.975297 10.665 -0.048 -0.048 9.984298 10.674 0.101 0.101 9.706299 10.683 -0.038 -0.038 9.989
297 10.692 0.048 0.048 9.855298 10.701 -0.062 -0.062 9.917299 10.71 -0.014 -0.014 9.879300 10.719 0.000 0.000 9.922
298 10.728 -0.115 -0.115 9.912299 10.737 0.005 0.005 9.941300 10.746 -0.024 -0.024 9.855301 10.755 -0.096 -0.096 9.807
299 10.764 0.043 0.043 9.936300 10.773 0.024 0.024 9.831301 10.782 -0.086 -0.086 9.850302 10.791 -0.062 -0.062 9.793
300 10.8 0.014 0.014 9.754301 10.809 0.062 0.062 9.845302 10.818 0.000 0.000 9.908303 10.827 -0.134 -0.134 9.922
301 10.836 0.057 0.057 9.716302 10.845 0.067 0.067 9.836303 10.854 -0.034 -0.034 9.817304 10.863 0.062 0.062 9.864
302 10.872 -0.057 -0.057 9.687303 10.881 0.024 0.024 9.721304 10.89 -0.029 -0.029 9.793305 10.899 -0.086 -0.086 9.841
303 10.908 -0.077 -0.077 10.013304 10.917 -0.067 -0.067 9.850305 10.926 -0.062 -0.062 9.855306 10.935 -0.034 -0.034 9.759
304 10.944 -0.005 -0.005 9.802305 10.953 -0.057 -0.057 9.922306 10.962 -0.120 -0.120 9.860307 10.971 -0.053 -0.053 9.845
305 10.98 0.010 0.010 9.903306 10.989 -0.014 -0.014 9.841307 10.998 -0.019 -0.019 9.874308 11.007 0.000 0.000 9.750
306 11.016 0.077 0.077 9.773307 11.025 -0.005 -0.005 9.807308 11.034 -0.019 -0.019 9.788309 11.043 -0.086 -0.086 9.884
307 11.052 -0.153 -0.153 9.845308 11.061 -0.057 -0.057 9.730309 11.07 -0.163 -0.163 9.716310 11.079 -0.215 -0.215 9.893
308 11.088 -0.048 -0.048 9.864309 11.097 -0.010 -0.010 9.903310 11.106 -0.077 -0.077 9.874311 11.115 -0.096 -0.096 9.960
309 11.124 -0.010 -0.010 9.864310 11.133 0.115 0.115 9.726311 11.142 0.048 0.048 9.754312 11.151 -0.029 -0.029 9.783
310 11.16 -0.019 -0.019 9.874311 11.169 -0.053 -0.053 9.812312 11.178 -0.014 -0.014 9.788313 11.187 0.000 0.000 9.903
311 11.196 -0.115 -0.115 9.903312 11.205 0.029 0.029 9.831313 11.214 0.153 0.153 9.773314 11.223 0.024 0.024 9.941
312 11.232 -0.105 -0.105 9.740313 11.241 -0.096 -0.096 9.917314 11.25 -0.168 -0.168 9.936315 11.259 -0.129 -0.129 9.908
313 11.268 -0.091 -0.091 9.807314 11.277 0.010 0.010 9.946315 11.286 0.014 0.014 9.841316 11.295 0.101 0.101 9.841
314 11.304 0.139 0.139 9.812315 11.313 0.038 0.038 9.908316 11.322 0.029 0.029 9.845317 11.331 -0.048 -0.048 9.841
315 11.34 -0.067 -0.067 9.845316 11.349 -0.096 -0.096 9.908317 11.358 -0.163 -0.163 9.831318 11.367 -0.187 -0.187 9.778
316 11.376 -0.115 -0.115 9.745317 11.385 -0.077 -0.077 9.730318 11.394 0.057 0.057 9.821319 11.403 -0.201 -0.201 9.841
317 11.412 -0.010 -0.010 9.927318 11.421 -0.053 -0.053 9.888319 11.43 0.000 0.000 9.826320 11.439 -0.115 -0.115 9.979
318 11.448 -0.014 -0.014 9.879319 11.457 0.034 0.034 9.836320 11.466 0.067 0.067 9.750321 11.475 -0.019 -0.019 9.812
319 11.484 0.053 0.053 9.917320 11.493 0.043 0.043 10.018321 11.502 -0.057 -0.057 9.817322 11.511 -0.057 -0.057 9.706
320 11.52 0.010 0.010 9.711321 11.529 -0.014 -0.014 9.864322 11.538 -0.053 -0.053 9.912323 11.547 -0.005 -0.005 9.793
321 11.556 -0.005 -0.005 9.845322 11.565 -0.014 -0.014 9.884323 11.574 -0.005 -0.005 9.884324 11.583 0.048 0.048 9.812
322 11.592 0.053 0.053 9.788323 11.601 0.048 0.048 9.841324 11.61 0.024 0.024 9.807325 11.619 -0.091 -0.091 9.908
323 11.628 -0.034 -0.034 9.845324 11.637 -0.053 -0.053 9.807325 11.646 -0.139 -0.139 9.932326 11.655 -0.086 -0.086 9.702
324 11.664 -0.096 -0.096 9.922325 11.673 -0.029 -0.029 9.855326 11.682 -0.168 -0.168 9.841327 11.691 -0.038 -0.038 9.812
325 11.7 -0.101 -0.101 9.850326 11.709 -0.053 -0.053 9.750327 11.718 -0.067 -0.067 9.754328 11.727 0.024 0.024 9.869
326 11.736 0.000 0.000 9.783327 11.745 0.101 0.101 9.869328 11.754 -0.043 -0.043 9.750329 11.763 -0.010 -0.010 9.888
327 11.772 -0.024 -0.024 9.932328 11.781 -0.038 -0.038 9.841329 11.79 0.038 0.038 9.836330 11.799 -0.014 -0.014 9.797
328 11.808 -0.115 -0.115 9.979329 11.817 0.005 0.005 9.936330 11.826 -0.053 -0.053 9.860331 11.835 0.000 0.000 9.831
329 11.844 0.019 0.019 9.917330 11.853 -0.134 -0.134 9.802331 11.862 0.010 0.010 9.893332 11.871 -0.105 -0.105 9.793
330 11.88 -0.091 -0.091 9.812331 11.889 -0.019 -0.019 9.759332 11.898 -0.115 -0.115 9.735333 11.907 -0.034 -0.034 9.802
331 11.916 0.158 0.158 9.869332 11.925 0.029 0.029 9.903333 11.934 0.077 0.077 9.582334 11.943 0.125 0.125 9.769
332 11.952 0.010 0.010 9.922333 11.961 -0.057 -0.057 9.912334 11.97 -0.115 -0.115 9.812335 11.979 0.029 0.029 9.864
333 11.988 -0.101 -0.101 9.850334 11.997 -0.172 -0.172 9.855335 12.006 0.062 0.062 9.793336 12.015 0.072 0.072 9.735
334 12.024 0.005 0.005 9.932335 12.033 -0.081 -0.081 9.802336 12.042 -0.072 -0.072 9.879337 12.051 -0.072 -0.072 9.797
335 12.06 -0.043 -0.043 9.855336 12.069 0.043 0.043 9.898337 12.078 -0.062 -0.062 9.917338 12.087 0.053 0.053 9.903
336 12.096 0.010 0.010 9.783337 12.105 0.053 0.053 9.979338 12.114 -0.053 -0.053 9.888339 12.123 0.043 0.043 9.917
337 12.132 0.000 0.000 9.821338 12.141 -0.105 -0.105 9.955339 12.15 0.005 0.005 9.793340 12.159 0.077 0.077 9.841
338 12.168 -0.034 -0.034 9.845339 12.177 -0.005 -0.005 9.821340 12.186 -0.005 -0.005 9.812341 12.195 0.034 0.034 9.836
339 12.204 -0.005 -0.005 9.922340 12.213 -0.115 -0.115 9.826341 12.222 -0.053 -0.053 9.893342 12.231 -0.034 -0.034 9.850
340 12.24 0.005 0.005 9.955341 12.249 -0.086 -0.086 9.860342 12.258 0.010 0.010 9.893343 12.267 -0.101 -0.101 9.802
341 12.276 -0.134 -0.134 9.836342 12.285 -0.053 -0.053 9.864343 12.294 0.029 0.029 9.917344 12.303 0.081 0.081 9.908
342 12.312 -0.144 -0.144 9.831343 12.321 0.048 0.048 9.821344 12.33 0.101 0.101 9.759345 12.339 -0.014 -0.014 9.654
343 12.348 -0.125 -0.125 9.745344 12.357 -0.034 -0.034 9.879345 12.366 0.134 0.134 10.066346 12.375 0.057 0.057 9.793
344 12.384 -0.029 -0.029 9.845345 12.393 -0.005 -0.005 9.975346 12.402 0.077 0.077 9.879347 12.411 -0.192 -0.192 9.903
345 12.42 0.067 0.067 9.927346 12.429 -0.034 -0.034 9.821347 12.438 -0.019 -0.019 9.908348 12.447 -0.067 -0.067 9.917
346 12.456 -0.105 -0.105 9.759347 12.465 -0.019 -0.019 9.831348 12.474 -0.038 -0.038 9.797349 12.483 0.129 0.129 9.812
347 12.492 0.000 0.000 9.855348 12.501 -0.043 -0.043 9.788349 12.51 0.062 0.062 9.826350 12.519 -0.019 -0.019 9.884
348 12.528 -0.024 -0.024 9.783349 12.537 -0.014 -0.014 9.783350 12.546 -0.048 -0.048 10.003351 12.555 -0.110 -0.110 9.783
349 12.564 0.029 0.029 9.793350 12.573 0.053 0.053 9.903351 12.582 0.034 0.034 9.821352 12.591 0.024 0.024 9.927
350 12.6 0.048 0.048 9.836351 12.609 -0.029 -0.029 9.908352 12.618 -0.081 -0.081 9.922353 12.627 0.005 0.005 9.855
351 12.636 -0.072 -0.072 9.850352 12.645 -0.029 -0.029 9.917353 12.654 0.024 0.024 9.893354 12.663 0.014 0.014 9.783
352 12.672 0.029 0.029 9.817353 12.681 -0.081 -0.081 9.869354 12.69 -0.034 -0.034 9.932355 12.699 -0.024 -0.024 9.927
353 12.708 -0.062 -0.062 9.817354 12.717 -0.091 -0.091 9.893355 12.726 -0.115 -0.115 9.864356 12.735 -0.086 -0.086 9.793
354 12.744 -0.091 -0.091 9.860355 12.753 -0.024 -0.024 9.750356 12.762 -0.043 -0.043 9.841357 12.771 -0.077 -0.077 9.903
355 12.78 -0.077 -0.077 9.850356 12.789 0.043 0.043 10.008357 12.798 0.072 0.072 9.697358 12.807 0.010 0.010 9.836
356 12.816 -0.005 -0.005 9.826357 12.825 -0.086 -0.086 9.845358 12.834 -0.096 -0.096 9.874359 12.843 -0.053 -0.053 9.874
357 12.852 0.038 0.038 9.932358 12.861 -0.091 -0.091 9.917359 12.87 0.072 0.072 9.908360 12.879 -0.019 -0.019 9.860
358 12.888 -0.053 -0.053 9.874359 12.897 -0.010 -0.010 9.797360 12.906 0.086 0.086 9.802361 12.915 0.034 0.034 9.860
359 12.924 -0.005 -0.005 9.898360 12.933 -0.081 -0.081 9.759361 12.942 0.029 0.029 9.802362 12.951 -0.034 -0.034 9.797
360 12.96 -0.110 -0.110 9.740361 12.969 -0.139 -0.139 9.951362 12.978 0.014 0.014 9.812363 12.987 -0.034 -0.034 10.022
361 12.996 -0.019 -0.019 9.860362 13.005 0.029 0.029 9.836363 13.014 -0.057 -0.057 9.841364 13.023 -0.148 -0.148 9.879
362 13.032 0.019 0.019 9.960363 13.041 -0.010 -0.010 9.778364 13.05 -0.158 -0.158 9.745365 13.059 -0.077 -0.077 9.864
363 13.068 -0.086 -0.086 9.845364 13.077 -0.005 -0.005 9.869365 13.086 0.043 0.043 9.826366 13.095 -0.024 -0.024 9.932
364 13.104 -0.029 -0.029 9.898365 13.113 -0.014 -0.014 9.874366 13.122 0.086 0.086 9.778367 13.131 -0.105 -0.105 9.879
365 13.14 -0.019 -0.019 9.927366 13.149 -0.120 -0.120 9.860367 13.158 0.043 0.043 9.888368 13.167 -0.211 -0.211 9.850
366 13.176 -0.053 -0.053 9.860367 13.185 0.038 0.038 9.965368 13.194 -0.057 -0.057 9.845369 13.203 -0.096 -0.096 9.812
367 13.212 -0.062 -0.062 9.841368 13.221 -0.014 -0.014 9.850369 13.23 0.096 0.096 9.860370 13.239 0.067 0.067 9.682
368 13.248 0.000 0.000 9.836369 13.257 0.086 0.086 9.864370 13.266 -0.043 -0.043 9.999371 13.275 -0.081 -0.081 9.879
369 13.284 -0.034 -0.034 9.836370 13.293 -0.043 -0.043 9.821371 13.302 0.000 0.000 9.826372 13.311 -0.034 -0.034 9.716
370 13.32 -0.086 -0.086 9.884371 13.329 -0.024 -0.024 9.922372 13.338 -0.086 -0.086 9.845373 13.347 -0.062 -0.062 9.936
371 13.356 0.029 0.029 9.850372 13.365 -0.153 -0.153 9.908373 13.374 -0.105 -0.105 9.812374 13.383 -0.072 -0.072 9.797
372 13.392 -0.120 -0.120 9.850373 13.401 -0.077 -0.077 9.793374 13.41 -0.120 -0.120 9.850375 13.419 -0.101 -0.101 9.817
373 13.428 -0.115 -0.115 9.955374 13.437 -0.163 -0.163 9.817375 13.446 -0.077 -0.077 9.884376 13.455 0.010 0.010 9.888
374 13.464 -0.057 -0.057 9.817375 13.473 0.038 0.038 9.740376 13.482 0.038 0.038 9.793377 13.491 0.067 0.067 9.898
375 13.5 -0.029 -0.029 9.817376 13.509 -0.053 -0.053 9.850377 13.518 -0.096 -0.096 9.769378 13.527 -0.187 -0.187 9.941
376 13.536 -0.048 -0.048 9.797377 13.545 0.010 0.010 9.826378 13.554 -0.115 -0.115 9.864379 13.563 -0.158 -0.158 9.932
377 13.572 -0.077 -0.077 9.888378 13.581 0.024 0.024 9.826379 13.59 -0.077 -0.077 9.740380 13.599 -0.153 -0.153 9.783
378 13.608 -0.010 -0.010 9.778379 13.617 -0.177 -0.177 9.807380 13.626 -0.120 -0.120 9.821381 13.635 -0.014 -0.014 9.941
379 13.644 -0.010 -0.010 9.611380 13.653 -0.029 -0.029 9.850381 13.662 -0.019 -0.019 9.855382 13.671 -0.038 -0.038 9.932
380 13.68 -0.038 -0.038 9.783381 13.689 0.134 0.134 10.027382 13.698 -0.038 -0.038 9.879383 13.707 -0.034 -0.034 9.903
381 13.716 -0.019 -0.019 10.037382 13.725 -0.101 -0.101 9.817383 13.734 -0.072 -0.072 9.841384 13.743 0.014 0.014 9.932
382 13.752 -0.053 -0.053 9.850383 13.761 -0.072 -0.072 9.908384 13.77 -0.005 -0.005 9.864385 13.779 0.038 0.038 9.869
383 13.788 0.081 0.081 9.773384 13.797 -0.043 -0.043 9.965385 13.806 0.096 0.096 9.831386 13.815 -0.081 -0.081 9.884
384 13.824 -0.043 -0.043 9.659385 13.833 -0.034 -0.034 9.898386 13.842 -0.038 -0.038 9.874387 13.851 -0.072 -0.072 9.812
385 13.86 0.062 0.062 9.908386 13.869 -0.057 -0.057 9.970387 13.878 -0.024 -0.024 9.879388 13.887 -0.062 -0.062 9.783
386 13.896 -0.091 -0.091 9.922387 13.905 -0.086 -0.086 9.917388 13.914 -0.043 -0.043 9.802389 13.923 -0.101 -0.101 9.817
387 13.932 -0.043 -0.043 9.773388 13.941 -0.029 -0.029 9.965389 13.95 0.029 0.029 9.908390 13.959 -0.101 -0.101 9.841
388 13.968 -0.072 -0.072 9.932389 13.977 -0.115 -0.115 9.850390 13.986 0.005 0.005 9.764391 13.995 -0.163 -0.163 9.783
389 14.004 0.010 0.010 9.941390 14.013 0.043 0.043 9.874391 14.022 -0.034 -0.034 9.884392 14.031 -0.034 -0.034 9.778
390 14.04 -0.024 -0.024 9.879391 14.049 -0.034 -0.034 9.836392 14.058 -0.096 -0.096 9.659393 14.067 -0.048 -0.048 9.965
391 14.076 -0.096 -0.096 9.893392 14.085 -0.038 -0.038 9.836393 14.094 0.000 0.000 9.879394 14.103 -0.038 -0.038 9.831
392 14.112 0.014 0.014 9.778393 14.121 -0.062 -0.062 9.745394 14.13 -0.057 -0.057 9.812395 14.139 -0.101 -0.101 9.797
393 14.148 0.105 0.105 9.989394 14.157 -0.091 -0.091 9.788395 14.166 -0.034 -0.034 9.721396 14.175 -0.057 -0.057 9.908
394 14.184 -0.158 -0.158 9.783395 14.193 -0.129 -0.129 9.874396 14.202 -0.034 -0.034 9.893397 14.211 0.005 0.005 9.951
395 14.22 -0.010 -0.010 9.831396 14.229 -0.029 -0.029 10.056397 14.238 0.000 0.000 9.826398 14.247 -0.038 -0.038 9.860
396 14.256 -0.038 -0.038 9.903397 14.265 0.010 0.010 9.706398 14.274 0.038 0.038 9.908399 14.283 0.043 0.043 9.936
397 14.292 -0.072 -0.072 9.860398 14.301 0.010 0.010 9.841399 14.31 0.010 0.010 9.864400 14.319 -0.081 -0.081 9.831
398 14.328 0.005 0.005 9.826399 14.337 0.019 0.019 9.841400 14.346 0.062 0.062 9.908401 14.355 0.038 0.038 9.917
399 14.364 -0.101 -0.101 9.860400 14.373 0.105 0.105 9.783401 14.382 -0.086 -0.086 9.845402 14.391 -0.019 -0.019 9.903
400 14.4 -0.148 -0.148 9.702401 14.409 -0.029 -0.029 9.769402 14.418 -0.110 -0.110 9.802403 14.427 -0.144 -0.144 9.706
401 14.436 -0.105 -0.105 9.884402 14.445 -0.048 -0.048 9.812403 14.454 -0.048 -0.048 9.855404 14.463 0.034 0.034 9.841
402 14.472 0.053 0.053 9.697403 14.481 0.034 0.034 9.826404 14.49 -0.029 -0.029 9.932405 14.499 -0.057 -0.057 9.826
403 14.508 -0.005 -0.005 9.912404 14.517 -0.038 -0.038 9.831405 14.526 -0.139 -0.139 9.745406 14.535 -0.125 -0.125 9.855
404 14.544 0.077 0.077 9.807405 14.553 -0.034 -0.034 9.860406 14.562 -0.187 -0.187 9.884407 14.571 -0.057 -0.057 9.778
405 14.58 -0.101 -0.101 9.888406 14.589 -0.067 -0.067 9.773407 14.598 0.125 0.125 9.932408 14.607 -0.148 -0.148 10.128
406 14.616 0.029 0.029 9.884407 14.625 0.096 0.096 9.769408 14.634 0.014 0.014 9.955409 14.643 0.115 0.115 10.181
407 14.652 -0.029 -0.029 9.601408 14.661 0.034 0.034 9.745409 14.67 0.005 0.005 9.769410 14.679 -0.053 -0.053 9.769
408 14.688 0.038 0.038 9.826409 14.697 -0.019 -0.019 9.831410 14.706 0.038 0.038 9.836411 14.715 -0.014 -0.014 9.773
409 14.724 -0.057 -0.057 9.860410 14.733 -0.077 -0.077 9.860411 14.742 -0.024 -0.024 9.802412 14.751 -0.043 -0.043 9.831
410 14.76 -0.014 -0.014 9.841411 14.769 -0.053 -0.053 9.917412 14.778 -0.172 -0.172 9.869413 14.787 -0.038 -0.038 9.807
411 14.796 -0.125 -0.125 9.845412 14.805 -0.110 -0.110 9.826413 14.814 -0.029 -0.029 9.874414 14.823 0.125 0.125 9.740
412 14.832 -0.048 -0.048 9.740413 14.841 0.115 0.115 9.922414 14.85 -0.048 -0.048 9.821415 14.859 -0.057 -0.057 9.884
413 14.868 -0.038 -0.038 9.960414 14.877 -0.038 -0.038 9.903415 14.886 0.072 0.072 9.860416 14.895 -0.067 -0.067 9.941
414 14.904 -0.125 -0.125 9.922415 14.913 0.024 0.024 9.955416 14.922 0.072 0.072 9.903417 14.931 -0.067 -0.067 9.864
415 14.94 -0.110 -0.110 9.831416 14.949 -0.091 -0.091 9.793417 14.958 -0.014 -0.014 9.903418 14.967 0.029 0.029 9.922
416 14.976 -0.110 -0.110 9.773417 14.985 -0.120 -0.120 9.850418 14.994 -0.014 -0.014 9.745419 15.003 -0.019 -0.019 9.836
417 15.012 -0.081 -0.081 9.845418 15.021 -0.038 -0.038 9.888419 15.03 -0.024 -0.024 9.821420 15.039 0.101 0.101 9.874
418 15.048 -0.053 -0.053 9.735419 15.057 -0.072 -0.072 9.764420 15.066 0.038 0.038 9.807421 15.075 0.057 0.057 9.783
419 15.084 -0.077 -0.077 9.946420 15.093 0.062 0.062 9.821421 15.102 -0.062 -0.062 9.879422 15.111 -0.067 -0.067 9.946
420 15.12 -0.172 -0.172 9.817421 15.129 -0.081 -0.081 9.788422 15.138 -0.091 -0.091 9.821423 15.147 0.014 0.014 9.850
421 15.156 -0.010 -0.010 9.984422 15.165 -0.005 -0.005 9.884423 15.174 -0.086 -0.086 9.850424 15.183 -0.057 -0.057 9.797
422 15.192 -0.057 -0.057 9.836423 15.201 -0.125 -0.125 9.884424 15.21 0.010 0.010 9.927425 15.219 -0.038 -0.038 9.797
423 15.228 0.057 0.057 9.773424 15.237 0.024 0.024 9.884425 15.246 0.053 0.053 9.860426 15.255 -0.048 -0.048 9.912
424 15.264 0.000 0.000 9.817425 15.273 -0.129 -0.129 9.864426 15.282 -0.153 -0.153 9.812427 15.291 0.000 0.000 9.841
