67 2.412 -0.038 -0.038 9.83168 2.421 -0.019 -0.019 9.91269 2.43 -0.086 -0.086 9.83670 2.439 -0.043 -0.043 9.932
68 2.448 0.086 0.086 9.88469 2.457 -0.034 -0.034 9.89870 2.466 0.048 0.048 9.84571 2.475 -0.038 -0.038 9.879
69 2.484 0.077 0.077 9.95570 2.493 0.110 0.110 9.89871 2.502 -0.019 -0.019 9.89872 2.511 -0.024 -0.024 9.893
70 2.52 -0.067 -0.067 9.93271 2.529 0.038 0.038 9.76972 2.538 -0.034 -0.034 9.88873 2.547 -0.081 -0.081 9.922
71 2.556 0.005 0.005 9.76472 2.565 0.029 0.029 9.81273 2.574 -0.072 -0.072 9.86074 2.583 -0.034 -0.034 9.807
72 2.592 0.024 0.024 9.84173 2.601 0.062 0.062 9.90374 2.61 -0.115 -0.115 9.87475 2.619 -0.072 -0.072 9.773
73 2.628 -0.067 -0.067 9.78374 2.637 0.029 0.029 9.82675 2.646 0.053 0.053 9.84176 2.655 0.144 0.144 9.884
74 2.664 0.005 0.005 9.86975 2.673 0.067 0.067 9.93676 2.682 -0.220 -0.220 9.53477 2.691 -0.081 -0.081 10.008
75 2.7 -0.120 -0.120 9.87476 2.709 0.034 0.034 9.78377 2.718 -0.067 -0.067 9.86978 2.727 -0.053 -0.053 9.864
76 2.736 -0.072 -0.072 9.92277 2.745 0.053 0.053 9.76478 2.754 -0.062 -0.062 9.82179 2.763 -0.029 -0.029 9.821
77 2.772 -0.096 -0.096 9.94178 2.781 0.014 0.014 9.72179 2.79 0.005 0.005 9.86480 2.799 -0.110 -0.110 9.745
78 2.808 -0.048 -0.048 9.84179 2.817 -0.072 -0.072 9.89880 2.826 0.096 0.096 9.78381 2.835 -0.019 -0.019 9.759
79 2.844 0.014 0.014 9.97580 2.853 0.024 0.024 9.75081 2.862 -0.062 -0.062 9.72182 2.871 0.043 0.043 9.941
80 2.88 -0.067 -0.067 9.87981 2.889 -0.024 -0.024 9.81782 2.898 -0.105 -0.105 9.86983 2.907 -0.062 -0.062 9.754
81 2.916 -0.110 -0.110 9.81282 2.925 0.043 0.043 9.85083 2.934 -0.125 -0.125 9.74584 2.943 -0.077 -0.077 9.917
82 2.952 0.062 0.062 9.88483 2.961 0.014 0.014 9.82184 2.97 -0.105 -0.105 9.93285 2.979 0.096 0.096 9.922
83 2.988 0.043 0.043 9.81284 2.997 -0.067 -0.067 9.93285 3.006 -0.053 -0.053 9.95586 3.015 -0.053 -0.053 9.750
84 3.024 -0.057 -0.057 9.93685 3.033 -0.062 -0.062 9.78386 3.042 0.101 0.101 9.80287 3.051 -0.091 -0.091 9.845
85 3.06 0.010 0.010 10.00386 3.069 0.014 0.014 9.69287 3.078 0.043 0.043 9.78888 3.087 0.019 0.019 9.778
86 3.096 -0.038 -0.038 9.85087 3.105 -0.177 -0.177 9.82188 3.114 -0.014 -0.014 9.75489 3.123 0.005 0.005 9.884
87 3.132 -0.029 -0.029 9.86088 3.141 -0.072 -0.072 9.85089 3.15 0.057 0.057 9.80290 3.159 -0.043 -0.043 9.802
88 3.168 -0.101 -0.101 9.85589 3.177 -0.072 -0.072 9.76490 3.186 0.038 0.038 9.85591 3.195 -0.110 -0.110 9.845
89 3.204 -0.077 -0.077 9.86490 3.213 -0.067 -0.067 9.87991 3.222 0.053 0.053 9.82692 3.231 -0.034 -0.034 9.802
90 3.24 0.005 0.005 9.80291 3.249 -0.005 -0.005 9.71192 3.258 -0.057 -0.057 9.89893 3.267 -0.034 -0.034 9.750
91 3.276 -0.062 -0.062 9.93292 3.285 0.067 0.067 9.93293 3.294 0.029 0.029 9.81794 3.303 -0.077 -0.077 9.773
92 3.312 -0.019 -0.019 9.88493 3.321 0.010 0.010 9.80294 3.33 -0.010 -0.010 9.87995 3.339 -0.158 -0.158 9.845
93 3.348 0.072 0.072 9.87994 3.357 -0.110 -0.110 9.95195 3.366 0.019 0.019 9.84196 3.375 -0.062 -0.062 9.735
94 3.384 -0.005 -0.005 9.88495 3.393 -0.024 -0.024 9.86096 3.402 0.000 0.000 9.95597 3.411 -0.038 -0.038 9.860
95 3.42 -0.134 -0.134 9.90896 3.429 -0.091 -0.091 9.79797 3.438 -0.096 -0.096 10.01898 3.447 -0.062 -0.062 9.864
96 3.456 -0.014 -0.014 9.81297 3.465 -0.029 -0.029 9.87498 3.474 0.000 0.000 9.86499 3.483 0.005 0.005 9.826
97 3.492 -0.086 -0.086 9.85598 3.501 -0.053 -0.053 9.88499 3.51 0.005 0.005 9.769100 3.519 -0.072 -0.072 9.860
98 3.528 -0.091 -0.091 9.87499 3.537 -0.192 -0.192 9.817100 3.546 -0.172 -0.172 9.773101 3.555 0.043 0.043 9.874
99 3.564 -0.148 -0.148 9.864100 3.573 -0.072 -0.072 9.836101 3.582 -0.072 -0.072 9.884102 3.591 -0.019 -0.019 9.955
100 3.6 -0.034 -0.034 9.888101 3.609 0.038 0.038 9.955102 3.618 -0.172 -0.172 9.922103 3.627 -0.072 -0.072 9.793
101 3.636 0.029 0.029 9.884102 3.645 0.005 0.005 9.783103 3.654 -0.096 -0.096 9.797104 3.663 -0.086 -0.086 9.821
102 3.672 -0.005 -0.005 9.812103 3.681 0.057 0.057 9.903104 3.69 -0.072 -0.072 9.855105 3.699 -0.019 -0.019 9.898
103 3.708 -0.043 -0.043 9.860104 3.717 -0.067 -0.067 9.845105 3.726 -0.077 -0.077 9.826106 3.735 0.000 0.000 9.884
104 3.744 0.010 0.010 9.750105 3.753 -0.024 -0.024 9.922106 3.762 0.029 0.029 9.817107 3.771 -0.086 -0.086 9.936
105 3.78 -0.148 -0.148 9.888106 3.789 0.024 0.024 9.888107 3.798 -0.029 -0.029 9.845108 3.807 -0.105 -0.105 9.898
106 3.816 0.010 0.010 9.845107 3.825 0.014 0.014 9.778108 3.834 -0.168 -0.168 9.893109 3.843 -0.091 -0.091 9.807
107 3.852 -0.005 -0.005 9.802108 3.861 -0.029 -0.029 9.802109 3.87 0.000 0.000 9.759110 3.879 -0.010 -0.010 9.884
108 3.888 0.000 0.000 9.836109 3.897 -0.014 -0.014 9.821110 3.906 -0.010 -0.010 9.912111 3.915 -0.034 -0.034 9.922
109 3.924 -0.024 -0.024 9.836110 3.933 0.043 0.043 9.764111 3.942 -0.029 -0.029 9.864112 3.951 -0.038 -0.038 9.841
110 3.96 -0.134 -0.134 9.864111 3.969 -0.067 -0.067 9.812112 3.978 -0.043 -0.043 9.955113 3.987 0.038 0.038 9.788
111 3.996 -0.091 -0.091 9.826112 4.005 0.091 0.091 9.759113 4.014 -0.062 -0.062 9.864114 4.023 -0.096 -0.096 9.821
112 4.032 0.048 0.048 9.888113 4.041 0.067 0.067 9.807114 4.05 -0.053 -0.053 9.922115 4.059 -0.053 -0.053 9.908
113 4.068 -0.005 -0.005 9.817114 4.077 -0.019 -0.019 9.951115 4.086 -0.048 -0.048 9.946116 4.095 -0.029 -0.029 9.793
114 4.104 -0.038 -0.038 9.917115 4.113 0.000 0.000 9.941116 4.122 -0.048 -0.048 9.802117 4.131 0.024 0.024 9.726
115 4.14 0.101 0.101 9.783116 4.149 -0.019 -0.019 9.893117 4.158 -0.019 -0.019 9.845118 4.167 -0.019 -0.019 9.802
116 4.176 0.086 0.086 9.735117 4.185 0.062 0.062 9.802118 4.194 -0.067 -0.067 9.932119 4.203 -0.038 -0.038 9.841
117 4.212 -0.038 -0.038 9.821118 4.221 -0.057 -0.057 9.869119 4.23 -0.014 -0.014 9.864120 4.239 -0.048 -0.048 9.903
118 4.248 -0.019 -0.019 9.807119 4.257 -0.038 -0.038 9.922120 4.266 -0.129 -0.129 9.764121 4.275 -0.062 -0.062 9.893
119 4.284 -0.057 -0.057 9.754120 4.293 -0.010 -0.010 9.860121 4.302 -0.144 -0.144 9.984122 4.311 -0.014 -0.014 9.884
120 4.32 -0.024 -0.024 9.783121 4.329 -0.091 -0.091 9.932122 4.338 0.014 0.014 9.817123 4.347 -0.019 -0.019 9.826
121 4.356 -0.019 -0.019 9.898122 4.365 -0.129 -0.129 9.797123 4.374 -0.048 -0.048 9.912124 4.383 -0.057 -0.057 9.793
122 4.392 -0.062 -0.062 9.864123 4.401 -0.014 -0.014 9.831124 4.41 -0.115 -0.115 9.831125 4.419 -0.024 -0.024 9.821
123 4.428 -0.105 -0.105 9.821124 4.437 0.043 0.043 9.802125 4.446 -0.005 -0.005 9.850126 4.455 0.091 0.091 9.807
124 4.464 0.000 0.000 9.874125 4.473 0.038 0.038 9.874126 4.482 0.034 0.034 9.826127 4.491 -0.096 -0.096 9.970
125 4.5 0.000 0.000 9.793126 4.509 -0.067 -0.067 9.831127 4.518 0.005 0.005 9.869128 4.527 -0.081 -0.081 9.745
126 4.536 0.072 0.072 9.879127 4.545 -0.110 -0.110 9.821128 4.554 -0.091 -0.091 9.860129 4.563 -0.019 -0.019 9.802
127 4.572 0.038 0.038 9.721128 4.581 0.014 0.014 9.773129 4.59 -0.091 -0.091 9.864130 4.599 -0.139 -0.139 9.759
128 4.608 -0.029 -0.029 9.826129 4.617 -0.029 -0.029 9.903130 4.626 0.019 0.019 9.884131 4.635 -0.038 -0.038 9.836
129 4.644 -0.067 -0.067 9.898130 4.653 -0.010 -0.010 9.927131 4.662 -0.125 -0.125 9.855132 4.671 -0.053 -0.053 9.903
130 4.68 -0.038 -0.038 9.841131 4.689 0.000 0.000 9.769132 4.698 -0.062 -0.062 9.903133 4.707 -0.043 -0.043 9.841
131 4.716 -0.096 -0.096 9.860132 4.725 0.019 0.019 9.831133 4.734 -0.067 -0.067 9.836134 4.743 -0.096 -0.096 9.869
132 4.752 -0.105 -0.105 9.936133 4.761 -0.043 -0.043 9.874134 4.77 0.014 0.014 9.869135 4.779 0.034 0.034 9.874
133 4.788 -0.043 -0.043 9.932134 4.797 0.019 0.019 9.917135 4.806 0.091 0.091 9.893136 4.815 -0.019 -0.019 9.821
134 4.824 -0.019 -0.019 9.831135 4.833 -0.120 -0.120 9.860136 4.842 -0.005 -0.005 9.898137 4.851 0.172 0.172 9.874
135 4.86 -0.091 -0.091 9.845136 4.869 -0.062 -0.062 9.821137 4.878 -0.067 -0.067 9.817138 4.887 -0.148 -0.148 9.750
136 4.896 0.024 0.024 9.917137 4.905 0.000 0.000 9.773138 4.914 -0.096 -0.096 9.860139 4.923 0.048 0.048 9.759
137 4.932 0.005 0.005 9.735138 4.941 -0.019 -0.019 9.884139 4.95 -0.005 -0.005 9.912140 4.959 -0.105 -0.105 9.845
138 4.968 -0.115 -0.115 9.807139 4.977 -0.005 -0.005 9.841140 4.986 -0.105 -0.105 9.812141 4.995 0.010 0.010 9.970
139 5.004 -0.115 -0.115 9.874140 5.013 -0.077 -0.077 9.831141 5.022 -0.077 -0.077 10.022142 5.031 -0.081 -0.081 9.970
140 5.04 -0.077 -0.077 9.845141 5.049 -0.081 -0.081 9.903142 5.058 0.125 0.125 9.841143 5.067 0.029 0.029 9.898
141 5.076 -0.101 -0.101 9.855142 5.085 -0.014 -0.014 9.860143 5.094 0.034 0.034 9.745144 5.103 -0.057 -0.057 9.740
142 5.112 -0.029 -0.029 9.884143 5.121 0.110 0.110 9.936144 5.13 -0.038 -0.038 9.860145 5.139 -0.129 -0.129 9.888
143 5.148 -0.057 -0.057 9.903144 5.157 0.072 0.072 9.960145 5.166 0.048 0.048 9.860146 5.175 -0.101 -0.101 9.927
144 5.184 -0.024 -0.024 9.845145 5.193 -0.101 -0.101 9.750146 5.202 0.000 0.000 9.874147 5.211 -0.115 -0.115 9.869
145 5.22 -0.091 -0.091 9.855146 5.229 -0.125 -0.125 9.793147 5.238 0.029 0.029 9.850148 5.247 -0.077 -0.077 9.821
146 5.256 -0.072 -0.072 9.898147 5.265 0.062 0.062 9.922148 5.274 -0.043 -0.043 9.730149 5.283 -0.081 -0.081 9.773
147 5.292 -0.043 -0.043 9.864148 5.301 0.043 0.043 9.802149 5.31 -0.086 -0.086 9.922150 5.319 -0.110 -0.110 9.831
148 5.328 -0.029 -0.029 9.879149 5.337 -0.029 -0.029 9.769150 5.346 -0.034 -0.034 9.869151 5.355 -0.072 -0.072 9.793
149 5.364 -0.005 -0.005 9.884150 5.373 0.053 0.053 9.922151 5.382 -0.086 -0.086 9.860152 5.391 -0.067 -0.067 9.855
150 5.4 0.062 0.062 9.917151 5.409 -0.096 -0.096 9.836152 5.418 0.005 0.005 9.831153 5.427 0.029 0.029 9.783
151 5.436 -0.024 -0.024 9.869152 5.445 -0.043 -0.043 9.860153 5.454 0.019 0.019 9.869154 5.463 0.029 0.029 9.922
152 5.472 0.077 0.077 9.898153 5.481 -0.048 -0.048 9.793154 5.49 -0.019 -0.019 9.817155 5.499 -0.034 -0.034 9.860
153 5.508 -0.144 -0.144 9.860154 5.517 -0.024 -0.024 9.821155 5.526 -0.081 -0.081 9.908156 5.535 -0.072 -0.072 9.730
154 5.544 -0.072 -0.072 9.821155 5.553 -0.057 -0.057 9.769156 5.562 -0.057 -0.057 10.075157 5.571 -0.201 -0.201 9.850
155 5.58 -0.048 -0.048 9.860156 5.589 0.029 0.029 9.955157 5.598 -0.096 -0.096 9.936158 5.607 -0.091 -0.091 9.932
156 5.616 -0.105 -0.105 9.711157 5.625 -0.115 -0.115 9.864158 5.634 -0.010 -0.010 9.721159 5.643 -0.029 -0.029 9.898
157 5.652 0.019 0.019 9.817158 5.661 0.010 0.010 9.773159 5.67 -0.158 -0.158 9.879160 5.679 0.029 0.029 9.898
158 5.688 -0.163 -0.163 9.711159 5.697 -0.062 -0.062 9.797160 5.706 0.014 0.014 9.841161 5.715 -0.134 -0.134 9.850
159 5.724 0.048 0.048 9.888160 5.733 0.043 0.043 9.869161 5.742 -0.086 -0.086 9.773162 5.751 -0.024 -0.024 9.893
160 5.76 -0.010 -0.010 9.927161 5.769 0.005 0.005 9.845162 5.778 -0.005 -0.005 9.898163 5.787 -0.057 -0.057 9.884
161 5.796 0.120 0.120 9.754162 5.805 0.000 0.000 9.908163 5.814 -0.062 -0.062 9.903164 5.823 -0.048 -0.048 9.936
162 5.832 -0.043 -0.043 9.898163 5.841 -0.014 -0.014 9.812164 5.85 0.053 0.053 9.955165 5.859 -0.091 -0.091 9.903
163 5.868 0.057 0.057 9.927164 5.877 0.000 0.000 9.745165 5.886 0.077 0.077 9.888166 5.895 0.038 0.038 9.841
164 5.904 -0.010 -0.010 9.855165 5.913 -0.081 -0.081 9.817166 5.922 -0.019 -0.019 9.864167 5.931 0.010 0.010 9.769
165 5.94 -0.019 -0.019 9.860166 5.949 -0.139 -0.139 9.797167 5.958 -0.024 -0.024 9.682168 5.967 -0.081 -0.081 9.850
166 5.976 0.057 0.057 10.075167 5.985 -0.019 -0.019 9.951168 5.994 -0.062 -0.062 9.951169 6.003 -0.077 -0.077 9.912
167 6.012 0.072 0.072 9.922168 6.021 -0.057 -0.057 10.003169 6.03 -0.144 -0.144 9.855170 6.039 -0.019 -0.019 9.869
168 6.048 -0.038 -0.038 9.702169 6.057 0.005 0.005 10.032170 6.066 -0.086 -0.086 9.912171 6.075 -0.057 -0.057 9.879
169 6.084 -0.067 -0.067 9.836170 6.093 -0.014 -0.014 9.807171 6.102 0.000 0.000 9.994172 6.111 0.029 0.029 10.085
170 6.12 0.000 0.000 9.797171 6.129 0.057 0.057 9.864172 6.138 -0.034 -0.034 9.836173 6.147 0.029 0.029 9.778
171 6.156 0.062 0.062 9.955172 6.165 -0.010 -0.010 9.936173 6.174 0.010 0.010 9.821174 6.183 -0.081 -0.081 9.898
172 6.192 -0.024 -0.024 9.817173 6.201 -0.057 -0.057 9.970174 6.21 -0.019 -0.019 9.879175 6.219 -0.024 -0.024 9.898
173 6.228 0.038 0.038 9.821174 6.237 -0.019 -0.019 9.836175 6.246 0.000 0.000 9.841176 6.255 0.019 0.019 9.999
174 6.264 -0.062 -0.062 9.826175 6.273 -0.172 -0.172 9.845176 6.282 -0.077 -0.077 9.797177 6.291 0.019 0.019 9.955
175 6.3 0.096 0.096 9.888176 6.309 -0.043 -0.043 9.826177 6.318 -0.086 -0.086 9.817178 6.327 -0.029 -0.029 9.903
176 6.336 0.057 0.057 9.802177 6.345 -0.048 -0.048 9.845178 6.354 -0.038 -0.038 9.769179 6.363 -0.024 -0.024 9.764
177 6.372 -0.067 -0.067 9.850178 6.381 -0.120 -0.120 9.903179 6.39 -0.010 -0.010 9.778180 6.399 -0.081 -0.081 9.745
178 6.408 -0.010 -0.010 10.008179 6.417 -0.081 -0.081 9.836180 6.426 -0.057 -0.057 9.860181 6.435 -0.010 -0.010 9.841
179 6.444 -0.086 -0.086 10.018180 6.453 -0.005 -0.005 9.797181 6.462 -0.062 -0.062 9.855182 6.471 -0.062 -0.062 9.773
180 6.48 -0.043 -0.043 9.769181 6.489 0.000 0.000 9.855182 6.498 0.014 0.014 9.845183 6.507 -0.029 -0.029 9.922
181 6.516 0.014 0.014 9.826182 6.525 -0.077 -0.077 9.692183 6.534 -0.153 -0.153 9.797184 6.543 0.005 0.005 9.769
182 6.552 0.043 0.043 9.908183 6.561 -0.105 -0.105 9.903184 6.57 -0.019 -0.019 9.879185 6.579 0.086 0.086 9.821
183 6.588 0.081 0.081 9.927184 6.597 -0.014 -0.014 9.764185 6.606 -0.081 -0.081 9.946186 6.615 -0.014 -0.014 9.721
184 6.624 -0.034 -0.034 9.817185 6.633 -0.024 -0.024 9.860186 6.642 -0.048 -0.048 9.869187 6.651 0.043 0.043 9.802
185 6.66 -0.101 -0.101 9.884186 6.669 -0.043 -0.043 9.740187 6.678 -0.048 -0.048 9.754188 6.687 -0.005 -0.005 9.951
186 6.696 0.053 0.053 9.855187 6.705 -0.010 -0.010 9.788188 6.714 0.062 0.062 9.898189 6.723 -0.062 -0.062 9.884
187 6.732 -0.053 -0.053 9.841188 6.741 -0.101 -0.101 9.888189 6.75 -0.029 -0.029 9.773190 6.759 0.010 0.010 9.850
188 6.768 -0.139 -0.139 9.912189 6.777 -0.072 -0.072 9.874190 6.786 0.000 0.000 9.912191 6.795 0.000 0.000 9.826
189 6.804 0.043 0.043 9.802190 6.813 -0.038 -0.038 9.845191 6.822 -0.010 -0.010 9.797192 6.831 -0.110 -0.110 9.750
190 6.84 0.053 0.053 9.845191 6.849 -0.005 -0.005 9.898192 6.858 0.010 0.010 9.941193 6.867 -0.125 -0.125 9.089
191 6.876 0.067 0.067 9.845192 6.885 0.110 0.110 9.965193 6.894 -0.048 -0.048 9.841194 6.903 -0.005 -0.005 9.874
192 6.912 -0.120 -0.120 9.802193 6.921 -0.057 -0.057 9.726194 6.93 0.048 0.048 9.874195 6.939 0.024 0.024 9.927
193 6.948 0.038 0.038 9.864194 6.957 0.000 0.000 9.888195 6.966 0.081 0.081 9.879196 6.975 0.000 0.000 9.922
194 6.984 -0.101 -0.101 9.773195 6.993 0.110 0.110 9.764196 7.002 -0.029 -0.029 9.888197 7.011 -0.057 -0.057 9.922
195 7.02 -0.148 -0.148 9.908196 7.029 0.000 0.000 9.850197 7.038 -0.010 -0.010 9.884198 7.047 -0.072 -0.072 9.903
196 7.056 0.014 0.014 9.802197 7.065 -0.105 -0.105 9.888198 7.074 0.000 0.000 9.999199 7.083 -0.034 -0.034 9.812
197 7.092 0.125 0.125 10.027198 7.101 0.005 0.005 9.941199 7.11 -0.115 -0.115 9.788200 7.119 -0.086 -0.086 9.903
198 7.128 -0.005 -0.005 9.754199 7.137 -0.005 -0.005 9.836200 7.146 0.024 0.024 9.932201 7.155 0.043 0.043 9.955
199 7.164 -0.014 -0.014 10.123200 7.173 -0.120 -0.120 9.759201 7.182 -0.134 -0.134 9.496202 7.191 -0.139 -0.139 9.692
200 7.2 -0.163 -0.163 9.443201 7.209 -0.019 -0.019 9.841202 7.218 0.115 0.115 9.960203 7.227 -0.115 -0.115 9.711
201 7.236 -0.091 -0.091 9.783202 7.245 -0.043 -0.043 9.668203 7.254 0.081 0.081 9.917204 7.263 -0.125 -0.125 9.726
202 7.272 -0.010 -0.010 9.999203 7.281 -0.125 -0.125 9.817204 7.29 -0.120 -0.120 9.750205 7.299 0.005 0.005 9.932
203 7.308 -0.034 -0.034 9.874204 7.317 -0.024 -0.024 9.812205 7.326 0.005 0.005 9.979206 7.335 -0.072 -0.072 9.841
204 7.344 -0.005 -0.005 9.836205 7.353 -0.067 -0.067 9.874206 7.362 0.062 0.062 9.817207 7.371 -0.096 -0.096 9.879
205 7.38 -0.005 -0.005 9.764206 7.389 -0.091 -0.091 9.773207 7.398 -0.053 -0.053 9.721208 7.407 -0.096 -0.096 9.898
206 7.416 -0.034 -0.034 9.903207 7.425 0.110 0.110 9.769208 7.434 -0.168 -0.168 9.955209 7.443 -0.144 -0.144 9.965
207 7.452 0.024 0.024 9.922208 7.461 0.019 0.019 9.860209 7.47 -0.048 -0.048 9.807210 7.479 -0.005 -0.005 9.908
208 7.488 0.024 0.024 9.826209 7.497 0.057 0.057 9.855210 7.506 0.019 0.019 9.807211 7.515 -0.067 -0.067 9.874
209 7.524 0.014 0.014 9.716210 7.533 -0.062 -0.062 9.711211 7.542 0.072 0.072 9.750212 7.551 -0.005 -0.005 9.826
210 7.56 -0.029 -0.029 9.898211 7.569 -0.072 -0.072 9.975212 7.578 -0.105 -0.105 9.951213 7.587 -0.019 -0.019 9.855
211 7.596 -0.105 -0.105 9.860212 7.605 -0.014 -0.014 9.730213 7.614 0.014 0.014 9.888214 7.623 -0.110 -0.110 9.941
212 7.632 0.000 0.000 9.898213 7.641 0.057 0.057 9.826214 7.65 -0.057 -0.057 9.773215 7.659 0.010 0.010 9.826
213 7.668 0.057 0.057 9.984214 7.677 0.029 0.029 9.826215 7.686 -0.086 -0.086 9.965216 7.695 -0.158 -0.158 9.807
214 7.704 -0.019 -0.019 9.898215 7.713 -0.077 -0.077 9.888216 7.722 0.067 0.067 9.903217 7.731 -0.029 -0.029 9.773
215 7.74 0.081 0.081 9.869216 7.749 -0.139 -0.139 9.874217 7.758 -0.024 -0.024 9.826218 7.767 -0.062 -0.062 9.836
216 7.776 -0.077 -0.077 9.903217 7.785 -0.057 -0.057 9.994218 7.794 -0.019 -0.019 9.793219 7.803 -0.057 -0.057 9.788
217 7.812 -0.053 -0.053 9.831218 7.821 -0.072 -0.072 9.864219 7.83 -0.029 -0.029 9.908220 7.839 0.014 0.014 9.879
218 7.848 -0.120 -0.120 9.936219 7.857 -0.086 -0.086 9.764220 7.866 -0.144 -0.144 9.817221 7.875 -0.038 -0.038 9.908
219 7.884 -0.077 -0.077 9.759220 7.893 0.014 0.014 9.845221 7.902 -0.014 -0.014 9.740222 7.911 0.120 0.120 9.793
220 7.92 -0.120 -0.120 9.860221 7.929 -0.014 -0.014 9.908222 7.938 0.057 0.057 9.879223 7.947 -0.110 -0.110 9.807
221 7.956 -0.177 -0.177 9.884222 7.965 0.010 0.010 10.104223 7.974 -0.153 -0.153 9.759224 7.983 0.057 0.057 9.841
222 7.992 0.019 0.019 9.864223 8.001 -0.014 -0.014 9.841224 8.01 -0.153 -0.153 9.888225 8.019 -0.110 -0.110 9.955
223 8.028 0.043 0.043 9.869224 8.037 -0.215 -0.215 9.922225 8.046 -0.115 -0.115 9.874226 8.055 -0.115 -0.115 9.783
224 8.064 -0.029 -0.029 9.754225 8.073 0.034 0.034 9.917226 8.082 -0.115 -0.115 9.903227 8.091 -0.057 -0.057 9.994
225 8.1 -0.110 -0.110 9.773226 8.109 -0.062 -0.062 9.874227 8.118 -0.072 -0.072 9.860228 8.127 0.005 0.005 9.855
226 8.136 -0.139 -0.139 9.960227 8.145 -0.014 -0.014 9.860228 8.154 -0.062 -0.062 9.836229 8.163 -0.010 -0.010 9.783
227 8.172 -0.034 -0.034 9.860228 8.181 -0.057 -0.057 9.769229 8.19 0.086 0.086 9.850230 8.199 -0.014 -0.014 9.788
228 8.208 -0.057 -0.057 9.864229 8.217 -0.014 -0.014 9.860230 8.226 -0.134 -0.134 9.903231 8.235 -0.062 -0.062 9.821
229 8.244 -0.010 -0.010 9.726230 8.253 -0.034 -0.034 9.788231 8.262 0.014 0.014 9.759232 8.271 -0.062 -0.062 9.845
230 8.28 -0.077 -0.077 9.812231 8.289 -0.072 -0.072 9.754232 8.298 0.057 0.057 9.812233 8.307 0.019 0.019 9.908
231 8.316 -0.057 -0.057 9.845232 8.325 -0.139 -0.139 9.869233 8.334 0.053 0.053 9.888234 8.343 0.010 0.010 9.888
232 8.352 0.053 0.053 9.888233 8.361 -0.010 -0.010 9.841234 8.37 0.067 0.067 9.850235 8.379 -0.053 -0.053 9.879
233 8.388 -0.081 -0.081 9.836234 8.397 -0.024 -0.024 9.936235 8.406 -0.062 -0.062 9.869236 8.415 -0.005 -0.005 9.903
234 8.424 0.000 0.000 9.860235 8.433 -0.024 -0.024 9.893236 8.442 -0.029 -0.029 9.807237 8.451 -0.091 -0.091 9.841
235 8.46 0.014 0.014 9.932236 8.469 -0.053 -0.053 9.979237 8.478 -0.086 -0.086 10.003238 8.487 0.038 0.038 9.769
236 8.496 -0.086 -0.086 9.869237 8.505 0.057 0.057 9.807238 8.514 -0.081 -0.081 9.874239 8.523 -0.057 -0.057 9.802
237 8.532 -0.010 -0.010 9.793238 8.541 0.034 0.034 9.917239 8.55 0.029 0.029 9.831240 8.559 -0.072 -0.072 9.831
238 8.568 -0.110 -0.110 9.922239 8.577 -0.101 -0.101 9.864240 8.586 0.072 0.072 9.821241 8.595 0.029 0.029 9.850
239 8.604 -0.053 -0.053 9.898240 8.613 -0.014 -0.014 9.812241 8.622 0.005 0.005 9.864242 8.631 -0.091 -0.091 9.932
240 8.64 0.057 0.057 9.855241 8.649 0.005 0.005 9.826242 8.658 0.086 0.086 9.802243 8.667 -0.005 -0.005 9.946
241 8.676 -0.081 -0.081 9.802242 8.685 -0.086 -0.086 9.807243 8.694 -0.014 -0.014 9.845244 8.703 0.005 0.005 9.783
242 8.712 -0.091 -0.091 9.879243 8.721 -0.034 -0.034 9.759244 8.73 0.029 0.029 9.898245 8.739 -0.024 -0.024 9.783
243 8.748 0.005 0.005 9.884244 8.757 -0.086 -0.086 9.845245 8.766 0.019 0.019 9.903246 8.775 -0.029 -0.029 9.884
244 8.784 -0.072 -0.072 9.821245 8.793 -0.005 -0.005 9.826246 8.802 -0.043 -0.043 9.917247 8.811 -0.077 -0.077 9.869
245 8.82 -0.014 -0.014 9.812246 8.829 -0.086 -0.086 9.807247 8.838 0.014 0.014 9.855248 8.847 -0.057 -0.057 9.874
246 8.856 -0.062 -0.062 9.932247 8.865 -0.067 -0.067 9.826248 8.874 0.014 0.014 9.970249 8.883 0.000 0.000 9.864
247 8.892 0.072 0.072 9.864248 8.901 -0.081 -0.081 9.874249 8.91 -0.057 -0.057 9.855250 8.919 0.034 0.034 9.879
248 8.928 -0.110 -0.110 9.797249 8.937 0.062 0.062 9.888250 8.946 -0.048 -0.048 9.754251 8.955 -0.134 -0.134 9.869
249 8.964 -0.010 -0.010 9.869250 8.973 -0.005 -0.005 9.975251 8.982 -0.019 -0.019 9.927252 8.991 0.101 0.101 9.888
250 9 -0.034 -0.034 9.946251 9.009 -0.019 -0.019 9.860252 9.018 -0.029 -0.029 9.797253 9.027 0.043 0.043 9.893
251 9.036 -0.034 -0.034 9.841252 9.045 -0.105 -0.105 9.903253 9.054 0.005 0.005 9.826254 9.063 0.005 0.005 9.941
252 9.072 -0.062 -0.062 9.773253 9.081 -0.019 -0.019 9.864254 9.09 -0.048 -0.048 9.874255 9.099 -0.043 -0.043 9.869
253 9.108 0.053 0.053 9.922254 9.117 0.005 0.005 9.841255 9.126 -0.053 -0.053 9.817256 9.135 0.043 0.043 9.740
254 9.144 -0.038 -0.038 9.793255 9.153 -0.024 -0.024 9.898256 9.162 -0.105 -0.105 9.888257 9.171 0.005 0.005 9.893
255 9.18 -0.034 -0.034 9.869256 9.189 0.043 0.043 9.855257 9.198 -0.091 -0.091 9.869258 9.207 0.096 0.096 9.793
256 9.216 -0.053 -0.053 9.979257 9.225 -0.005 -0.005 9.831258 9.234 -0.096 -0.096 9.855259 9.243 -0.067 -0.067 9.979
257 9.252 0.000 0.000 9.831258 9.261 -0.038 -0.038 9.908259 9.27 -0.067 -0.067 9.874260 9.279 -0.029 -0.029 9.864
258 9.288 -0.144 -0.144 9.879259 9.297 -0.038 -0.038 9.855260 9.306 0.024 0.024 9.884261 9.315 0.019 0.019 9.979
259 9.324 -0.014 -0.014 9.917260 9.333 -0.048 -0.048 9.836261 9.342 -0.072 -0.072 9.735262 9.351 0.005 0.005 9.860
260 9.36 -0.014 -0.014 9.932261 9.369 -0.129 -0.129 9.793262 9.378 -0.019 -0.019 9.936263 9.387 -0.077 -0.077 9.898
261 9.396 0.048 0.048 9.812262 9.405 -0.043 -0.043 9.984263 9.414 0.024 0.024 9.836264 9.423 -0.077 -0.077 9.898
262 9.432 -0.096 -0.096 9.750263 9.441 0.043 0.043 9.917264 9.45 -0.091 -0.091 9.797265 9.459 0.014 0.014 9.745
263 9.468 -0.010 -0.010 9.946264 9.477 0.010 0.010 9.884265 9.486 0.038 0.038 9.850266 9.495 -0.144 -0.144 9.788
264 9.504 -0.005 -0.005 9.898265 9.513 0.014 0.014 9.850266 9.522 0.062 0.062 9.884267 9.531 0.010 0.010 10.018
265 9.54 0.014 0.014 9.932266 9.549 -0.014 -0.014 9.850267 9.558 0.019 0.019 9.850268 9.567 -0.077 -0.077 9.817
266 9.576 0.000 0.000 9.812267 9.585 0.010 0.010 9.802268 9.594 0.048 0.048 9.769269 9.603 -0.005 -0.005 9.903
267 9.612 -0.153 -0.153 9.850268 9.621 -0.038 -0.038 9.783269 9.63 0.029 0.029 9.898270 9.639 -0.067 -0.067 9.864
268 9.648 -0.019 -0.019 9.826269 9.657 0.005 0.005 9.721270 9.666 0.072 0.072 9.855271 9.675 -0.057 -0.057 9.850
269 9.684 -0.034 -0.034 9.750270 9.693 -0.005 -0.005 9.917271 9.702 -0.101 -0.101 9.841272 9.711 -0.034 -0.034 9.855
270 9.72 -0.081 -0.081 9.874271 9.729 -0.091 -0.091 9.912272 9.738 0.158 0.158 9.951273 9.747 0.019 0.019 9.884
271 9.756 0.038 0.038 9.893272 9.765 -0.043 -0.043 9.802273 9.774 0.014 0.014 9.879274 9.783 -0.110 -0.110 9.802
272 9.792 0.086 0.086 9.912273 9.801 -0.038 -0.038 9.936274 9.81 -0.101 -0.101 9.955275 9.819 0.043 0.043 9.903
273 9.828 -0.019 -0.019 9.912274 9.837 -0.038 -0.038 9.908275 9.846 -0.029 -0.029 9.778276 9.855 -0.043 -0.043 9.922
274 9.864 0.024 0.024 9.860275 9.873 -0.072 -0.072 9.793276 9.882 -0.024 -0.024 9.912277 9.891 0.024 0.024 9.764
275 9.9 0.057 0.057 9.999276 9.909 -0.029 -0.029 9.831277 9.918 -0.120 -0.120 9.841278 9.927 -0.067 -0.067 9.845
276 9.936 0.005 0.005 9.927277 9.945 0.072 0.072 9.879278 9.954 0.019 0.019 9.864279 9.963 -0.029 -0.029 9.888
277 9.972 -0.067 -0.067 9.855278 9.981 -0.081 -0.081 9.778279 9.99 -0.005 -0.005 9.845280 9.999 0.057 0.057 9.759
278 10.008 -0.010 -0.010 9.807279 10.017 0.067 0.067 9.888280 10.026 -0.005 -0.005 9.879281 10.035 0.053 0.053 9.903
279 10.044 -0.024 -0.024 9.826280 10.053 -0.038 -0.038 9.855281 10.062 -0.014 -0.014 9.730282 10.071 -0.077 -0.077 9.740
280 10.08 0.038 0.038 9.845281 10.089 -0.081 -0.081 9.841282 10.098 -0.034 -0.034 9.860283 10.107 0.010 0.010 9.812
281 10.116 -0.067 -0.067 9.893282 10.125 -0.057 -0.057 9.797283 10.134 0.034 0.034 9.841284 10.143 -0.048 -0.048 9.750
282 10.152 0.005 0.005 9.769283 10.161 -0.024 -0.024 9.812284 10.17 0.014 0.014 9.994285 10.179 -0.077 -0.077 9.821
283 10.188 -0.067 -0.067 9.802284 10.197 0.096 0.096 9.817285 10.206 -0.005 -0.005 9.912286 10.215 -0.062 -0.062 9.860
284 10.224 0.043 0.043 9.783285 10.233 -0.019 -0.019 9.898286 10.242 0.091 0.091 9.802287 10.251 0.144 0.144 9.821
285 10.26 -0.019 -0.019 9.884286 10.269 0.034 0.034 9.970287 10.278 0.048 0.048 9.778288 10.287 -0.053 -0.053 9.994
286 10.296 -0.053 -0.053 9.888287 10.305 -0.187 -0.187 9.879288 10.314 -0.034 -0.034 9.850289 10.323 -0.019 -0.019 9.903
287 10.332 0.038 0.038 9.850288 10.341 -0.053 -0.053 9.817289 10.35 0.029 0.029 9.812290 10.359 -0.158 -0.158 9.778
288 10.368 -0.057 -0.057 9.941289 10.377 0.029 0.029 9.793290 10.386 -0.105 -0.105 9.845291 10.395 -0.043 -0.043 9.874
289 10.404 -0.029 -0.029 9.788290 10.413 -0.038 -0.038 9.836291 10.422 -0.024 -0.024 9.893292 10.431 -0.101 -0.101 9.855
290 10.44 -0.053 -0.053 9.769291 10.449 -0.077 -0.077 9.845292 10.458 -0.062 -0.062 9.821293 10.467 -0.029 -0.029 9.903
291 10.476 -0.019 -0.019 9.879292 10.485 -0.077 -0.077 9.726293 10.494 0.048 0.048 9.845294 10.503 0.062 0.062 9.764
292 10.512 0.048 0.048 10.003293 10.521 -0.043 -0.043 9.893294 10.53 -0.043 -0.043 9.932295 10.539 -0.048 -0.048 9.740
293 10.548 0.005 0.005 9.903294 10.557 0.034 0.034 9.850295 10.566 -0.077 -0.077 9.927296 10.575 -0.158 -0.158 9.860
294 10.584 0.024 0.024 9.999295 10.593 -0.110 -0.110 9.917296 10.602 -0.019 -0.019 9.663297 10.611 -0.057 -0.057 9.922
295 10.62 -0.038 -0.038 9.802296 10.629 0.010 0.010 9.898297 10.638 0.019 0.019 9.845298 10.647 -0.101 -0.101 9.960
296 10.656 0.086 0.086 9.975297 10.665 -0.034 -0.034 9.821298 10.674 -0.101 -0.101 9.984299 10.683 0.005 0.005 9.860
297 10.692 -0.077 -0.077 9.845298 10.701 -0.101 -0.101 9.812299 10.71 0.048 0.048 9.802300 10.719 -0.005 -0.005 9.932
298 10.728 -0.019 -0.019 9.855299 10.737 -0.120 -0.120 9.884300 10.746 -0.010 -0.010 9.884301 10.755 0.096 0.096 9.745
299 10.764 -0.057 -0.057 9.845300 10.773 0.014 0.014 9.773301 10.782 -0.057 -0.057 9.912302 10.791 -0.067 -0.067 9.821
300 10.8 -0.072 -0.072 9.802301 10.809 -0.038 -0.038 10.037302 10.818 -0.187 -0.187 9.893303 10.827 -0.077 -0.077 9.812
301 10.836 -0.153 -0.153 9.908302 10.845 0.062 0.062 9.936303 10.854 0.005 0.005 9.903304 10.863 -0.144 -0.144 9.860
302 10.872 -0.010 -0.010 9.917303 10.881 -0.019 -0.019 9.773304 10.89 -0.043 -0.043 9.864305 10.899 -0.019 -0.019 9.965
303 10.908 -0.048 -0.048 9.826304 10.917 -0.081 -0.081 9.850305 10.926 -0.057 -0.057 9.845306 10.935 -0.125 -0.125 9.884
304 10.944 -0.053 -0.053 9.836305 10.953 -0.014 -0.014 9.740306 10.962 -0.067 -0.067 9.706307 10.971 0.010 0.010 9.879
305 10.98 -0.077 -0.077 9.812306 10.989 -0.053 -0.053 9.821307 10.998 0.053 0.053 9.884308 11.007 -0.067 -0.067 9.845
306 11.016 -0.086 -0.086 9.845307 11.025 -0.077 -0.077 9.860308 11.034 -0.038 -0.038 9.874309 11.043 -0.105 -0.105 9.845
307 11.052 0.019 0.019 9.826308 11.061 0.053 0.053 9.860309 11.07 -0.062 -0.062 9.754310 11.079 -0.144 -0.144 9.855
308 11.088 0.115 0.115 9.836309 11.097 -0.158 -0.158 9.797310 11.106 -0.024 -0.024 9.831311 11.115 -0.057 -0.057 9.802
309 11.124 0.096 0.096 9.845310 11.133 0.019 0.019 9.845311 11.142 0.120 0.120 9.773312 11.151 -0.029 -0.029 9.778
310 11.16 -0.096 -0.096 9.888311 11.169 -0.077 -0.077 9.836312 11.178 -0.091 -0.091 9.879313 11.187 -0.091 -0.091 9.864
311 11.196 -0.115 -0.115 9.951312 11.205 0.038 0.038 9.855313 11.214 0.005 0.005 9.831314 11.223 -0.057 -0.057 9.783
312 11.232 -0.029 -0.029 9.841313 11.241 -0.062 -0.062 9.836314 11.25 -0.067 -0.067 9.893315 11.259 -0.024 -0.024 9.965
313 11.268 -0.010 -0.010 9.855314 11.277 -0.034 -0.034 9.850315 11.286 0.062 0.062 9.797316 11.295 -0.192 -0.192 9.917
314 11.304 -0.057 -0.057 9.946315 11.313 -0.053 -0.053 9.797316 11.322 0.024 0.024 9.750317 11.331 0.024 0.024 9.874
315 11.34 0.029 0.029 10.008316 11.349 -0.053 -0.053 9.855317 11.358 -0.105 -0.105 9.845318 11.367 0.010 0.010 9.951
316 11.376 -0.029 -0.029 9.826317 11.385 -0.067 -0.067 9.817318 11.394 -0.062 -0.062 9.817319 11.403 0.062 0.062 9.869
317 11.412 -0.043 -0.043 9.812318 11.421 0.038 0.038 9.864319 11.43 0.091 0.091 9.975320 11.439 0.010 0.010 9.807
318 11.448 0.014 0.014 9.831319 11.457 -0.105 -0.105 9.821320 11.466 -0.010 -0.010 9.864321 11.475 -0.096 -0.096 9.773
319 11.484 0.010 0.010 9.807320 11.493 -0.010 -0.010 9.960321 11.502 -0.019 -0.019 9.917322 11.511 -0.038 -0.038 9.836
320 11.52 0.019 0.019 9.951321 11.529 -0.024 -0.024 9.797322 11.538 -0.077 -0.077 9.879323 11.547 -0.105 -0.105 9.888
321 11.556 -0.005 -0.005 9.922322 11.565 0.038 0.038 9.711323 11.574 -0.038 -0.038 9.941324 11.583 -0.048 -0.048 9.869
322 11.592 0.062 0.062 9.932323 11.601 0.014 0.014 9.793324 11.61 -0.057 -0.057 9.821325 11.619 -0.048 -0.048 9.888
323 11.628 -0.062 -0.062 9.874324 11.637 -0.024 -0.024 9.864325 11.646 -0.086 -0.086 9.912326 11.655 -0.048 -0.048 9.826
324 11.664 -0.129 -0.129 9.773325 11.673 -0.024 -0.024 9.807326 11.682 -0.086 -0.086 9.893327 11.691 -0.096 -0.096 9.864
325 11.7 -0.077 -0.077 9.860326 11.709 -0.101 -0.101 9.812327 11.718 0.038 0.038 9.884328 11.727 0.005 0.005 9.893
326 11.736 -0.101 -0.101 9.783327 11.745 -0.029 -0.029 9.831328 11.754 -0.024 -0.024 10.022329 11.763 -0.105 -0.105 9.874
327 11.772 0.081 0.081 9.879328 11.781 0.029 0.029 9.917329 11.79 0.062 0.062 9.807330 11.799 0.101 0.101 9.764
328 11.808 -0.057 -0.057 9.831329 11.817 -0.014 -0.014 9.994330 11.826 -0.048 -0.048 9.903331 11.835 -0.067 -0.067 9.850
329 11.844 -0.019 -0.019 9.802330 11.853 -0.043 -0.043 9.778331 11.862 -0.067 -0.067 9.855332 11.871 -0.091 -0.091 9.960
330 11.88 -0.110 -0.110 9.917331 11.889 -0.096 -0.096 9.812332 11.898 -0.062 -0.062 9.917333 11.907 -0.057 -0.057 9.917
331 11.916 -0.096 -0.096 9.951332 11.925 -0.081 -0.081 9.932333 11.934 0.043 0.043 9.908334 11.943 -0.081 -0.081 9.970
332 11.952 -0.072 -0.072 9.922333 11.961 0.000 0.000 9.845334 11.97 -0.024 -0.024 9.577335 11.979 0.019 0.019 9.845
333 11.988 0.062 0.062 9.836334 11.997 -0.115 -0.115 9.845335 12.006 0.029 0.029 9.903336 12.015 -0.129 -0.129 9.874
334 12.024 -0.029 -0.029 9.831335 12.033 0.014 0.014 9.821336 12.042 -0.034 -0.034 9.903337 12.051 -0.053 -0.053 9.802
335 12.06 -0.034 -0.034 9.812336 12.069 -0.024 -0.024 9.850337 12.078 0.096 0.096 9.936338 12.087 -0.077 -0.077 9.778
336 12.096 0.048 0.048 9.826337 12.105 -0.057 -0.057 9.802338 12.114 -0.029 -0.029 9.773339 12.123 0.062 0.062 9.821
337 12.132 -0.014 -0.014 9.826338 12.141 0.053 0.053 9.831339 12.15 0.010 0.010 9.850340 12.159 -0.005 -0.005 9.726
338 12.168 0.158 0.158 9.841339 12.177 -0.048 -0.048 9.941340 12.186 0.000 0.000 9.841341 12.195 -0.091 -0.091 9.850
339 12.204 0.038 0.038 9.893340 12.213 -0.043 -0.043 9.864341 12.222 -0.192 -0.192 9.812342 12.231 0.019 0.019 9.797
340 12.24 -0.057 -0.057 9.912341 12.249 -0.081 -0.081 9.860342 12.258 0.000 0.000 9.979343 12.267 0.034 0.034 9.941
341 12.276 0.062 0.062 9.841342 12.285 -0.120 -0.120 9.908343 12.294 0.057 0.057 9.812344 12.303 -0.043 -0.043 9.797
342 12.312 0.014 0.014 10.032343 12.321 -0.019 -0.019 9.912344 12.33 -0.062 -0.062 9.807345 12.339 -0.101 -0.101 9.888
343 12.348 -0.105 -0.105 10.013344 12.357 -0.062 -0.062 9.903345 12.366 -0.096 -0.096 9.836346 12.375 -0.153 -0.153 9.951
344 12.384 -0.062 -0.062 9.922345 12.393 0.010 0.010 9.908346 12.402 -0.053 -0.053 9.874347 12.411 -0.024 -0.024 9.975
345 12.42 -0.062 -0.062 9.864346 12.429 -0.062 -0.062 9.869347 12.438 -0.067 -0.067 9.735348 12.447 -0.005 -0.005 9.884
346 12.456 0.014 0.014 9.841347 12.465 0.048 0.048 9.788348 12.474 -0.029 -0.029 9.797349 12.483 -0.019 -0.019 9.754
347 12.492 -0.096 -0.096 9.778348 12.501 -0.062 -0.062 9.841349 12.51 -0.101 -0.101 9.888350 12.519 0.091 0.091 9.692
348 12.528 -0.172 -0.172 9.845349 12.537 -0.010 -0.010 9.817350 12.546 -0.029 -0.029 9.850351 12.555 0.005 0.005 9.936
349 12.564 -0.053 -0.053 9.917350 12.573 0.014 0.014 9.845351 12.582 0.038 0.038 9.879352 12.591 -0.120 -0.120 9.821
350 12.6 0.057 0.057 9.802351 12.609 0.081 0.081 9.639352 12.618 -0.014 -0.014 9.908353 12.627 -0.115 -0.115 9.898
351 12.636 -0.072 -0.072 9.888352 12.645 0.038 0.038 9.888353 12.654 -0.053 -0.053 9.831354 12.663 -0.010 -0.010 9.750
352 12.672 0.024 0.024 9.826353 12.681 -0.062 -0.062 9.802354 12.69 0.010 0.010 9.769355 12.699 -0.019 -0.019 9.860
353 12.708 0.038 0.038 9.845354 12.717 -0.043 -0.043 9.893355 12.726 -0.172 -0.172 9.908356 12.735 -0.005 -0.005 9.797
354 12.744 -0.010 -0.010 9.869355 12.753 -0.024 -0.024 9.711356 12.762 -0.048 -0.048 9.879357 12.771 -0.148 -0.148 9.917
355 12.78 -0.034 -0.034 9.759356 12.789 0.048 0.048 9.788357 12.798 -0.091 -0.091 9.850358 12.807 -0.110 -0.110 9.802
356 12.816 0.038 0.038 9.730357 12.825 -0.038 -0.038 9.826358 12.834 0.062 0.062 9.874359 12.843 0.062 0.062 9.750
357 12.852 0.005 0.005 9.807358 12.861 0.010 0.010 9.692359 12.87 -0.034 -0.034 9.912360 12.879 -0.038 -0.038 9.826
358 12.888 -0.053 -0.053 9.979359 12.897 -0.081 -0.081 9.908360 12.906 -0.091 -0.091 9.946361 12.915 -0.014 -0.014 9.860
359 12.924 -0.077 -0.077 9.893360 12.933 -0.196 -0.196 9.812361 12.942 -0.057 -0.057 9.745362 12.951 0.101 0.101 9.821
360 12.96 -0.072 -0.072 9.697361 12.969 -0.014 -0.014 9.922362 12.978 0.029 0.029 10.032363 12.987 -0.144 -0.144 9.821
361 12.996 -0.072 -0.072 9.841362 13.005 0.014 0.014 9.922363 13.014 -0.134 -0.134 9.754364 13.023 -0.158 -0.158 9.850
362 13.032 0.014 0.014 9.860363 13.041 -0.048 -0.048 9.635364 13.05 -0.010 -0.010 9.999365 13.059 0.034 0.034 9.788
363 13.068 -0.081 -0.081 9.874364 13.077 -0.067 -0.067 9.845365 13.086 0.000 0.000 9.769366 13.095 -0.014 -0.014 9.955
364 13.104 -0.139 -0.139 9.917365 13.113 -0.072 -0.072 9.817366 13.122 -0.115 -0.115 9.783367 13.131 -0.081 -0.081 9.932
365 13.14 -0.005 -0.005 9.888366 13.149 0.029 0.029 9.716367 13.158 0.014 0.014 9.908368 13.167 0.014 0.014 9.936
366 13.176 -0.014 -0.014 9.826367 13.185 0.053 0.053 9.788368 13.194 -0.038 -0.038 9.874369 13.203 -0.005 -0.005 9.845
367 13.212 0.057 0.057 9.793368 13.221 -0.057 -0.057 9.841369 13.23 -0.134 -0.134 9.817370 13.239 -0.062 -0.062 9.912
368 13.248 -0.101 -0.101 9.754369 13.257 0.019 0.019 9.845370 13.266 0.010 0.010 9.745371 13.275 -0.010 -0.010 9.759
369 13.284 -0.038 -0.038 9.807370 13.293 -0.072 -0.072 9.864371 13.302 0.000 0.000 9.821372 13.311 -0.067 -0.067 9.908
370 13.32 -0.115 -0.115 9.936371 13.329 -0.096 -0.096 10.022372 13.338 0.038 0.038 9.769373 13.347 -0.019 -0.019 9.955
371 13.356 -0.057 -0.057 9.812372 13.365 -0.024 -0.024 9.740373 13.374 -0.048 -0.048 9.831374 13.383 -0.005 -0.005 9.797
372 13.392 -0.029 -0.029 9.831373 13.401 0.072 0.072 9.841374 13.41 0.024 0.024 9.893375 13.419 -0.101 -0.101 9.711
373 13.428 0.077 0.077 9.769374 13.437 -0.148 -0.148 9.826375 13.446 -0.005 -0.005 9.831376 13.455 -0.024 -0.024 9.797
374 13.464 -0.019 -0.019 9.946375 13.473 -0.038 -0.038 9.754376 13.482 -0.120 -0.120 9.855377 13.491 -0.062 -0.062 9.807
375 13.5 -0.091 -0.091 9.922376 13.509 -0.129 -0.129 9.692377 13.518 0.014 0.014 9.721378 13.527 -0.081 -0.081 9.821
376 13.536 0.034 0.034 9.855377 13.545 -0.024 -0.024 9.874378 13.554 -0.062 -0.062 9.912379 13.563 0.000 0.000 9.721
377 13.572 0.000 0.000 9.946378 13.581 -0.053 -0.053 9.965379 13.59 -0.005 -0.005 9.826380 13.599 0.014 0.014 9.869
378 13.608 -0.043 -0.043 9.845379 13.617 -0.158 -0.158 9.841380 13.626 -0.029 -0.029 9.984381 13.635 -0.148 -0.148 9.759
379 13.644 -0.048 -0.048 10.003380 13.653 -0.029 -0.029 9.821381 13.662 -0.091 -0.091 9.457382 13.671 0.043 0.043 9.932
380 13.68 -0.019 -0.019 9.841381 13.689 -0.010 -0.010 9.960382 13.698 0.053 0.053 9.893383 13.707 0.053 0.053 9.941
381 13.716 -0.029 -0.029 9.841382 13.725 0.067 0.067 9.797383 13.734 -0.086 -0.086 9.726384 13.743 -0.048 -0.048 9.836
382 13.752 0.019 0.019 9.874383 13.761 0.019 0.019 9.917384 13.77 -0.019 -0.019 9.817385 13.779 -0.110 -0.110 9.860
383 13.788 -0.072 -0.072 9.922384 13.797 -0.062 -0.062 9.912385 13.806 -0.005 -0.005 9.826386 13.815 -0.038 -0.038 9.730
384 13.824 -0.048 -0.048 9.807385 13.833 -0.086 -0.086 9.864386 13.842 0.024 0.024 9.821387 13.851 0.034 0.034 9.908
385 13.86 0.029 0.029 9.884386 13.869 0.105 0.105 9.783387 13.878 -0.062 -0.062 9.769388 13.887 0.024 0.024 9.817
386 13.896 -0.129 -0.129 9.826387 13.905 -0.077 -0.077 9.773388 13.914 -0.005 -0.005 9.975389 13.923 0.000 0.000 9.797
387 13.932 -0.057 -0.057 9.817388 13.941 -0.096 -0.096 9.903389 13.95 -0.048 -0.048 9.855390 13.959 0.120 0.120 9.903
388 13.968 0.014 0.014 9.893389 13.977 -0.014 -0.014 9.831390 13.986 -0.057 -0.057 9.879391 13.995 -0.072 -0.072 9.927
389 14.004 -0.125 -0.125 9.903390 14.013 -0.067 -0.067 9.898391 14.022 -0.034 -0.034 9.860392 14.031 0.000 0.000 9.888
390 14.04 -0.096 -0.096 9.850391 14.049 -0.148 -0.148 9.821392 14.058 -0.086 -0.086 9.898393 14.067 -0.048 -0.048 9.946
391 14.076 -0.057 -0.057 9.874392 14.085 -0.081 -0.081 9.764393 14.094 0.043 0.043 9.869394 14.103 0.019 0.019 9.898
392 14.112 0.029 0.029 9.893393 14.121 0.077 0.077 9.917394 14.13 -0.043 -0.043 9.946395 14.139 -0.134 -0.134 9.759
393 14.148 -0.029 -0.029 9.936394 14.157 -0.163 -0.163 9.812395 14.166 -0.024 -0.024 9.864396 14.175 -0.125 -0.125 9.788
394 14.184 -0.048 -0.048 9.864395 14.193 -0.005 -0.005 9.864396 14.202 -0.024 -0.024 9.912397 14.211 -0.086 -0.086 9.773
